v  0 0 0
v  -4.7896 -2.1170 77.4712
v  -4.8140 -2.1568 77.3327
v  -4.8913 -2.1464 77.3841
v  4.8365 4.2368 57.5335
v  4.8053 4.0795 57.6611
v  4.8948 4.1174 57.6512
v  2.4600 -2.1464 77.3841
v  2.3827 -2.1568 77.3327
v  2.3582 -2.1170 77.4712
v  -1.0825 11.6115 -48.5505
v  -1.1718 13.6245 -48.9188
v  -1.1257 13.5276 -48.9188
v  -1.2219 -6.4098 -51.9683
v  -1.2227 -6.4982 -51.9794
v  -1.3128 -6.3128 -51.9683
v  -1.1301 -6.3128 -51.9683
v  -15.9965 -9.9462 66.0551
v  -17.5993 -9.5167 65.6093
v  -15.9965 -9.9462 65.6093
v  -14.4989 -9.3345 64.9508
v  -13.6423 -8.0998 65.1614
v  -14.6373 -9.0948 65.1614
v  -13.4026 -8.2382 64.9508
v  -13.2781 -6.7406 65.1614
v  -13.0013 -6.7406 64.9508
v  -13.6423 -5.3813 65.1614
v  -13.4026 -5.2429 64.9508
v  -0.0537 0.6962 75.4900
v  -0.5371 -1.7167 74.4507
v  -0.3156 -0.7987 77.4247
v  -2.3836 -0.7987 77.4247
v  -2.1621 -1.7167 74.4507
v  -2.6455 0.6962 75.4900
v  -30.6775 -34.5653 51.7595
v  -30.7515 -34.5340 51.7595
v  -30.6753 -34.5315 51.6833
v  -30.7384 -34.3494 51.7595
v  -30.6601 -34.3179 51.7595
v  -30.6622 -34.3512 51.6833
v  -30.7384 -34.3434 56.0821
v  -30.6622 -34.3458 56.1583
v  -30.6601 -34.3095 56.0821
v  -30.7515 -34.5409 56.0821
v  -30.6775 -34.5745 56.0821
v  -30.6753 -34.5377 56.1583
v  27.8251 -34.5315 51.6833
v  27.9013 -34.5340 51.7595
v  27.8273 -34.5653 51.7595
v  27.8120 -34.3512 51.6833
v  27.8099 -34.3179 51.7595
v  27.8882 -34.3494 51.7595
v  27.8099 -34.3095 56.0821
v  27.8120 -34.3458 56.1583
v  27.8882 -34.3434 56.0821
v  27.8251 -34.5377 56.1583
v  27.8273 -34.5745 56.0821
v  27.9013 -34.5409 56.0821
v  -7.8483 13.5730 -44.5996
v  -7.8483 13.4026 -44.7695
v  -4.3606 13.5368 -43.1981
v  -10.3478 13.2825 -45.8923
v  -10.3478 13.3970 -45.8290
v  7.9818 12.6773 -49.6762
v  5.3388 12.8079 -49.6457
v  7.9818 12.7405 -50.1170
v  5.3388 12.6903 -49.2411
v  1.5500 12.8994 -48.9694
v  1.5500 12.6744 -48.6125
v  -1.2466 12.9737 -48.4712
v  -1.2466 12.7096 -48.1552
v  -4.3606 12.8906 -49.0338
v  -4.3606 12.6752 -48.6723
v  -7.8483 12.8055 -49.6651
v  -7.8483 12.6925 -49.2594
v  -10.3478 12.7405 -50.1170
v  -10.3478 12.6773 -49.6762
v  -4.3606 12.6859 -47.2649
v  -7.8483 12.7339 -48.1097
v  -4.3606 13.0496 -44.9718
v  -7.8483 13.0366 -46.2293
v  -10.3478 12.9805 -47.1237
v  -10.3478 12.8646 -48.9408
v  -10.3478 12.7270 -48.7092
v  -10.3478 13.1437 -47.1958
v  5.3388 13.4046 -44.7210
v  7.9818 12.9805 -47.1237
v  7.9818 13.2825 -45.8923
v  5.3388 13.0344 -46.1903
v  1.5500 13.5527 -43.0380
v  1.5500 13.0525 -44.8436
v  -1.2466 13.7243 -41.8048
v  -1.2466 13.1482 -43.8615
v  5.3388 13.5795 -44.5467
v  7.9818 13.3970 -45.8290
v  1.5500 13.8192 -42.7993
v  -1.2466 14.0281 -41.4448
v  -4.3606 13.7943 -42.9744
v  -7.8483 13.4180 -48.2080
v  -10.3478 13.2372 -48.7825
v  -10.3478 13.4908 -47.1970
v  -7.8483 13.0979 -49.3177
v  -4.3606 13.7280 -47.4146
v  -4.3606 13.2654 -48.9659
v  -1.2466 13.9240 -46.6947
v  -1.2466 13.4025 -48.4111
v  1.5500 13.7582 -47.3335
v  1.5500 13.2858 -48.9032
v  5.3388 13.4309 -48.1841
v  5.3388 13.1057 -49.3008
v  7.9818 13.2372 -48.7825
v  7.9818 12.9823 -49.7201
v  -10.3478 12.9823 -49.7201
v  -1.2466 12.7238 -46.5223
v  1.5500 12.6825 -47.1789
v  5.3388 12.7291 -48.0833
v  7.9818 12.7270 -48.7092
v  5.3388 13.8368 -44.7831
v  7.9818 13.5282 -45.8479
v  7.9818 13.5874 -45.9361
v  5.3388 13.7681 -44.5738
v  1.5500 14.2218 -43.1342
v  1.5500 14.1090 -42.8409
v  -1.2466 14.4436 -41.9082
v  -1.2466 14.3376 -41.4892
v  -4.3606 14.1869 -43.2915
v  -4.3606 14.0762 -43.0149
v  -7.8483 13.8235 -44.8300
v  -7.8483 13.7566 -44.6260
v  -10.3478 13.5282 -45.8479
v  -10.3478 13.5874 -45.9361
v  -10.3478 13.3632 -47.2273
v  -10.3478 13.0842 -48.9723
v  -10.3478 12.8144 -50.1276
v  -4.3606 13.0414 -49.0555
v  -7.8483 12.9035 -49.6792
v  -1.2466 13.1474 -48.4962
v  1.5500 13.0552 -48.9918
v  7.9818 12.8144 -50.1276
v  5.3388 12.9083 -49.6601
v  7.9818 12.8646 -48.9408
v  7.9818 13.0842 -48.9723
v  7.9818 13.1437 -47.1958
v  7.9818 13.3632 -47.2273
v  7.9818 13.4908 -47.1970
v  -1.3257 18.8258 -48.1253
v  -1.5094 19.0823 -48.3741
v  -1.5746 18.8118 -48.3056
v  -1.3008 19.0940 -48.2230
v  -1.0180 18.8258 -48.1253
v  -1.0429 19.0940 -48.2230
v  -0.7691 18.8118 -48.3056
v  -0.8344 19.0823 -48.3741
v  -1.6856 14.3048 -47.4073
v  -1.6697 18.7892 -48.5973
v  -1.8068 14.2206 -47.7709
v  -1.5890 19.0633 -48.6186
v  -1.0180 18.7526 -49.0694
v  -0.8344 19.0444 -48.8631
v  -0.7691 18.7666 -48.8891
v  -1.0429 19.0326 -49.0142
v  -1.3257 18.7526 -49.0694
v  -1.3008 19.0326 -49.0142
v  -1.5746 18.7666 -48.8891
v  -1.5094 19.0444 -48.8631
v  -0.6582 14.1364 -48.1345
v  -0.6740 18.7892 -48.5973
v  -0.5369 14.2206 -47.7709
v  -0.7547 19.0633 -48.6186
v  -0.6582 14.3048 -47.4073
v  -0.4664 13.8275 -48.1481
v  -0.3176 14.0292 -47.7426
v  -0.2999 13.9432 -47.6488
v  -0.4808 13.9159 -48.2318
v  -0.4808 14.1425 -47.2534
v  -0.4664 14.0588 -47.1495
v  -0.9079 14.2125 -46.9511
v  -0.9024 14.1303 -46.8409
v  -1.4358 14.2125 -46.9511
v  -1.4413 14.1303 -46.8409
v  -1.8630 14.1425 -47.2534
v  -1.8773 14.0588 -47.1495
v  -2.0261 14.0292 -47.7426
v  -2.0438 13.9432 -47.6488
v  -1.8630 13.9159 -48.2318
v  -1.8773 13.8275 -48.1481
v  -0.9024 13.7560 -48.4567
v  -0.9079 13.8458 -48.5341
v  -1.4413 13.7560 -48.4567
v  -1.4358 13.8458 -48.5341
v  -0.5498 13.6724 -48.0553
v  -0.8236 13.3649 -48.3666
v  -0.9343 13.6093 -48.3274
v  -0.2600 13.4573 -48.0975
v  -0.4030 13.7743 -47.6150
v  -0.0447 13.6068 -47.6248
v  -0.5498 13.8763 -47.1747
v  -0.2600 13.7563 -46.9794
v  -0.9343 13.9393 -46.9026
v  -0.8236 13.8487 -46.5805
v  -1.4094 13.9393 -46.9026
v  -1.5202 13.8487 -46.5805
v  -1.7939 13.8763 -47.1747
v  -2.0837 13.7563 -46.9794
v  -1.9407 13.7743 -47.6150
v  -2.2990 13.6068 -47.6248
v  -1.7939 13.6724 -48.0553
v  -2.0837 13.4573 -48.0975
v  -1.4094 13.6093 -48.3274
v  -1.5202 13.3649 -48.3666
v  -1.7706 8.1388 35.3065
v  -1.3558 12.5469 35.6078
v  -1.7706 12.5469 35.3065
v  -1.3558 8.1388 35.6078
v  -0.8431 12.5469 35.6078
v  -0.8431 8.1388 35.6078
v  -0.4283 12.5468 35.3065
v  -0.4283 8.1388 35.3065
v  -0.2699 12.5468 34.8189
v  -0.2699 8.1388 34.8189
v  -0.4283 12.5468 34.3312
v  -0.4283 8.1388 34.3312
v  -0.8431 12.5469 34.0299
v  -0.8431 8.1388 34.0299
v  -1.3558 12.5469 34.0299
v  -1.3558 8.1388 34.0299
v  -1.7706 12.5469 34.3312
v  -1.7706 8.1388 34.3312
v  -1.9291 12.5469 34.8189
v  -1.9290 8.1388 34.8189
v  -0.4283 13.4380 34.3312
v  -0.8431 16.0721 34.0299
v  -0.4283 16.0721 34.3312
v  -0.8431 13.4380 34.0299
v  -1.3558 16.0721 34.0299
v  -1.3558 13.4380 34.0299
v  -1.7706 16.0721 34.3312
v  -1.7706 13.4380 34.3312
v  -0.4283 13.4380 35.3065
v  -0.2699 16.0721 34.8189
v  -0.4283 16.0721 35.3065
v  -0.2699 13.4380 34.8189
v  -1.7706 13.4380 35.3065
v  -1.3558 16.0721 35.6078
v  -1.7706 16.0721 35.3065
v  -1.3558 13.4380 35.6078
v  -0.8431 16.0721 35.6078
v  -0.8431 13.4380 35.6078
v  -1.9291 16.0721 34.8189
v  -1.9291 13.4380 34.8189
v  -1.9008 13.3274 35.4011
v  -2.0900 12.6575 34.8189
v  -1.9008 12.6575 35.4011
v  -2.0900 13.3274 34.8189
v  -1.9008 12.6575 34.2366
v  -1.9008 13.3274 34.2366
v  -0.2981 12.6575 34.2366
v  -0.7934 13.3274 33.8768
v  -0.2981 13.3274 34.2366
v  -0.7934 12.6575 33.8768
v  -1.4055 13.3274 33.8768
v  -1.4056 12.6575 33.8768
v  -0.2981 12.6575 35.4011
v  -0.1089 13.3274 34.8189
v  -0.2981 13.3274 35.4011
v  -0.1090 12.6575 34.8189
v  -1.4055 13.3274 35.7609
v  -1.4056 12.6575 35.7609
v  -0.7934 13.3274 35.7609
v  -0.7934 12.6575 35.7609
v  -0.4996 16.1617 35.2547
v  -0.8703 16.1617 35.5241
v  -0.7204 16.2060 35.0942
v  -0.6310 16.2060 34.8189
v  -1.0995 16.2060 34.8189
v  -0.7204 16.2060 34.5435
v  -0.9547 16.2060 34.3733
v  -0.4996 16.1617 34.3830
v  -0.8703 16.1617 34.1136
v  -1.3286 16.1617 34.1136
v  -1.2443 16.2060 34.3733
v  -1.4785 16.2060 34.5435
v  -1.6994 16.1617 34.3830
v  -1.6994 16.1617 35.2547
v  -1.8410 16.1617 34.8189
v  -1.5680 16.2060 34.8189
v  -1.4785 16.2060 35.0942
v  -1.2443 16.2060 35.2644
v  -1.3286 16.1617 35.5241
v  -0.3579 16.1617 34.8189
v  -12.2427 -2.9252 73.5120
v  -14.7683 -5.7625 73.4411
v  -14.9581 -5.5728 73.4411
v  -12.1207 -3.0472 73.5120
v  -12.2427 -2.9252 74.3331
v  -12.1207 -3.0472 74.3331
v  -14.9581 -5.5728 74.4040
v  -14.7683 -5.7625 74.4040
v  -19.8554 -10.5380 74.3331
v  -17.0181 -8.0123 74.4040
v  -17.2079 -7.8226 74.4040
v  -19.7335 -10.6599 74.3331
v  -19.8554 -10.5380 73.5120
v  -19.7335 -10.6599 73.5120
v  -17.2079 -7.8226 73.4411
v  -17.0181 -8.0123 73.4411
v  -12.1207 -10.5380 73.5120
v  -14.9580 -8.0123 73.4411
v  -14.7683 -7.8226 73.4411
v  -12.2427 -10.6599 73.5120
v  -12.1207 -10.5380 74.3331
v  -12.2427 -10.6599 74.3331
v  -14.7683 -7.8226 74.4040
v  -14.9580 -8.0123 74.4040
v  -19.7335 -2.9252 74.3331
v  -17.2079 -5.7626 74.4040
v  -17.0181 -5.5728 74.4040
v  -19.8554 -3.0472 74.3331
v  -19.7335 -2.9252 73.5120
v  -19.8554 -3.0472 73.5120
v  -17.0181 -5.5728 73.4411
v  -17.2079 -5.7626 73.4411
v  -17.4727 -3.7937 47.9735
v  -17.2051 -3.5993 44.4751
v  -17.4727 -3.7937 44.4751
v  -17.2051 -3.5993 47.9735
v  -16.8743 -3.5993 44.4751
v  -16.8743 -3.5993 47.9735
v  -16.6068 -3.7937 44.4751
v  -16.6068 -3.7937 47.9735
v  -17.4727 -4.4228 47.9735
v  -17.5749 -4.1083 44.4751
v  -17.4727 -4.4228 44.4751
v  -17.5749 -4.1083 47.9735
v  -16.6068 -4.4228 47.9735
v  -16.8743 -4.6173 44.4751
v  -16.6068 -4.4228 44.4751
v  -16.8743 -4.6173 47.9735
v  -17.2051 -4.6173 44.4751
v  -17.2051 -4.6173 47.9735
v  -16.5045 -4.1083 44.4751
v  -16.5045 -4.1083 47.9735
v  -16.8129 -3.2521 46.4495
v  -16.6573 -3.1391 44.4157
v  -16.8129 -3.2521 44.4157
v  -16.6573 -3.1391 46.4495
v  -16.4650 -3.1391 44.4157
v  -16.4650 -3.1391 46.4495
v  -16.3094 -3.2521 44.4157
v  -16.3094 -3.2521 46.4495
v  -16.8129 -3.6178 46.4495
v  -16.8723 -3.4349 44.4157
v  -16.8129 -3.6178 44.4157
v  -16.8723 -3.4349 46.4495
v  -16.3094 -3.6178 46.4495
v  -16.4650 -3.7308 44.4157
v  -16.3094 -3.6178 44.4157
v  -16.4650 -3.7308 46.4495
v  -16.6573 -3.7308 44.4157
v  -16.6573 -3.7308 46.4495
v  -16.2500 -3.4349 44.4157
v  -16.2500 -3.4349 46.4495
v  -16.3518 -3.1402 45.2036
v  -15.8984 -2.8108 44.5871
v  -16.3518 -3.1402 44.5871
v  -15.8984 -2.8108 45.2036
v  -15.3379 -2.8108 44.5871
v  -15.3379 -2.8108 45.2036
v  -14.8845 -3.1402 44.5871
v  -14.8845 -3.1402 45.2036
v  -16.3518 -4.2063 45.2036
v  -16.5250 -3.6733 44.5871
v  -16.3518 -4.2063 44.5871
v  -16.5250 -3.6733 45.2036
v  -14.8845 -4.2063 45.2036
v  -15.3379 -4.5358 44.5871
v  -14.8845 -4.2063 44.5871
v  -15.3379 -4.5358 45.2036
v  -15.8984 -4.5358 44.5871
v  -15.8984 -4.5358 45.2036
v  -14.7113 -3.6733 44.5871
v  -14.7113 -3.6733 45.2036
v  -0.5782 -9.7819 80.9453
v  -1.8531 -9.7819 80.9453
v  -0.3192 -10.6120 80.1443
v  -1.6249 -9.0252 81.4746
v  -2.4420 -9.5474 80.9448
v  -2.0023 -8.8782 81.4746
v  -2.9356 -9.1732 80.9447
v  -2.3210 -8.6380 81.4742
v  -3.3016 -8.6702 80.9440
v  -2.5561 -8.3224 81.4741
v  -3.5126 -8.0765 80.9439
v  -2.6949 -7.9412 81.4736
v  -3.5625 -7.4139 80.9433
v  -2.7278 -7.5270 81.4735
v  -3.4503 -6.7427 80.9433
v  -2.6587 -7.0951 81.4731
v  -3.1932 -6.0913 80.9429
v  -2.4938 -6.6901 81.4732
v  -2.8112 -5.5309 80.9432
v  -2.2487 -6.3273 81.4730
v  -2.3338 -5.0833 80.9429
v  -1.9401 -6.0521 81.4732
v  -1.7910 -4.8089 80.9433
v  -1.5888 -5.8700 81.4730
v  -0.8064 -9.0252 81.4746
v  -6.1269 0.9421 61.0850
v  -4.8021 3.5779 57.8748
v  -6.7990 1.6291 57.8501
v  -4.3708 2.9272 61.0852
v  -4.4308 1.3572 65.3004
v  -2.8083 2.4626 65.3116
v  -2.8247 1.4734 68.6281
v  -2.0987 2.5596 65.3116
v  -2.1079 1.5704 68.6281
v  -1.2724 2.6598 65.3116
v  -1.2730 1.6706 68.6281
v  -0.4379 2.5596 65.3116
v  -0.4298 1.5704 68.6281
v  0.3770 2.4626 65.3116
v  0.3934 1.4734 68.6281
v  1.9995 1.3572 65.3004
v  1.9845 0.4147 68.6208
v  3.6243 -0.5329 65.2916
v  3.5081 -1.3334 68.6138
v  -1.3056 13.5276 -48.9188
v  -1.2663 13.9168 -47.9773
v  -1.2655 13.6245 -48.9188
v  -1.3070 13.8198 -47.9773
v  -1.3435 14.6234 -42.6521
v  -1.4798 14.2575 -42.9502
v  -1.3186 14.3253 -41.5018
v  -1.4236 13.9466 -41.9559
v  -1.1244 13.8198 -47.9773
v  -1.1711 13.9168 -47.9773
v  -1.0879 14.6234 -42.6521
v  -1.1532 14.7205 -42.6521
v  -1.1127 14.3253 -41.5018
v  -1.1654 14.4223 -41.5018
v  -6.0556 -0.5329 65.2916
v  -4.4158 0.4147 68.6208
v  -5.9395 -1.3334 68.6138
v  -4.2126 -0.6798 71.6680
v  -5.5832 -2.1941 71.6634
v  -3.8914 -1.9626 74.4658
v  -5.0836 -3.2428 74.4642
v  -3.5353 -3.2086 76.3664
v  -4.5517 -4.2495 76.3649
v  -2.7363 4.0006 61.1102
v  -2.9313 4.7154 57.8713
v  -2.0588 4.0976 61.1102
v  -2.1669 4.8125 57.8713
v  -1.2699 4.1978 61.1102
v  -1.2769 4.9126 57.8713
v  -0.4730 4.0976 61.1102
v  -0.3778 4.8125 57.8713
v  0.3049 4.0006 61.1102
v  0.4999 4.7154 57.8713
v  1.9395 2.9272 61.0852
v  2.3708 3.5779 57.8748
v  3.6956 0.9421 61.0850
v  4.3676 1.6291 57.8501
v  -1.0343 13.2357 -48.3076
v  -1.0315 13.5175 -47.4943
v  -0.9516 14.2574 -42.9502
v  -1.0077 13.9465 -41.9559
v  -0.8065 -5.3769 -51.5948
v  -0.8701 -6.4732 -51.9717
v  -1.0404 -6.4098 -51.9683
v  -0.3948 -5.5379 -51.6049
v  -0.5914 -4.3057 -50.5453
v  0.0385 -4.5766 -50.5597
v  -0.7048 -3.5662 -45.6128
v  0.6285 -5.0220 -50.5458
v  0.8460 -4.5876 -45.1582
v  1.1095 -5.5517 -50.5208
v  1.3976 -5.3997 -45.1298
v  1.4462 -6.2122 -50.5050
v  1.7819 -6.3214 -45.1135
v  1.6137 -6.9580 -50.4887
v  1.9775 -7.3506 -45.0962
v  1.6081 -7.7706 -50.4503
v  1.9740 -8.4492 -45.0554
v  1.4142 -8.5373 -50.3955
v  1.7575 -9.4821 -44.9925
v  0.9960 -9.1633 -50.3619
v  1.2862 -10.3232 -44.9556
v  0.3484 -9.5880 -50.3797
v  -0.0469 -11.4081 -44.9776
v  -0.4659 -9.8133 -50.4229
v  -0.6526 -11.7069 -45.4659
v  -2.5810 -1.1675 74.4683
v  -2.4036 -2.5385 76.3666
v  -1.9727 -1.0705 74.4683
v  -1.8743 -2.4415 76.3666
v  -1.2643 -0.9703 74.4683
v  -1.2580 -2.3413 76.3666
v  -0.5489 -1.0705 74.4683
v  -0.6356 -2.4415 76.3666
v  0.1496 -1.1675 74.4683
v  -0.0278 -2.5385 76.3666
v  1.4600 -1.9626 74.4658
v  1.1039 -3.2086 76.3664
v  2.6523 -3.2428 74.4642
v  2.1204 -4.2495 76.3649
v  -0.7054 -12.1304 -33.2931
v  -1.8777 -12.1663 -33.6656
v  -0.5536 -12.1663 -33.6656
v  -1.7259 -12.1304 -33.2931
v  0.0111 -11.7720 -29.5622
v  -2.4425 -11.7720 -29.5622
v  0.2475 -12.4575 -21.4717
v  -2.6789 -12.4575 -21.4717
v  0.6755 -14.1049 -13.8933
v  -3.1069 -14.1049 -13.8933
v  1.1412 -15.4110 -6.2386
v  -3.5725 -15.4110 -6.2386
v  1.9087 -17.2787 7.0004
v  -4.3401 -17.2787 7.0004
v  2.6908 -18.9817 21.3522
v  -5.1222 -18.9817 21.3522
v  2.8286 -19.0410 32.0159
v  -5.2599 -19.0410 32.0159
v  2.8338 -19.0221 32.9608
v  -5.2652 -19.0221 32.9608
v  2.8483 -18.9700 35.5642
v  -5.2796 -18.9700 35.5642
v  2.8537 -18.9505 36.5386
v  -5.2850 -18.9505 36.5386
v  2.8802 -18.8550 41.3091
v  -5.3115 -18.8550 41.3091
v  2.7712 -18.7791 44.1778
v  -5.2025 -18.7791 44.1778
v  2.5748 -18.6422 49.3486
v  -5.0061 -18.6422 49.3486
v  2.3409 -18.2837 55.6141
v  -4.7723 -18.2837 55.6141
v  1.8092 -17.5180 61.1588
v  -4.2406 -17.5180 61.1588
v  1.5719 -17.0364 65.6284
v  -4.0032 -17.0364 65.6284
v  1.3117 -16.2285 69.1564
v  -3.7430 -16.2285 69.1564
v  0.9721 -14.9813 72.3965
v  -3.4035 -14.9813 72.3965
v  0.6278 -13.7616 75.3689
v  -3.0592 -13.7616 75.3688
v  0.3173 -12.6410 77.3854
v  -2.7486 -12.6410 77.3854
v  -0.0225 -11.5582 79.0275
v  -2.4089 -11.5582 79.0275
v  -2.1121 -10.6120 80.1443
v  -2.9374 -10.2829 80.1442
v  -3.6302 -9.7462 80.1435
v  -4.1369 -9.0381 80.1432
v  -4.4293 -8.1840 80.1424
v  -4.4896 -7.2510 80.1423
v  -4.3281 -6.2802 80.1417
v  -3.9624 -5.3645 80.1420
v  -3.4282 -4.5487 80.1417
v  -2.7632 -3.9258 80.1423
v  -2.0114 -3.5184 80.1420
v  2.6525 6.1432 57.6868
v  0.6355 7.3615 57.6819
v  -0.3116 7.4585 57.6819
v  -1.2817 7.5587 57.6819
v  -2.2421 7.4585 57.6819
v  -3.0669 7.3615 57.6819
v  -5.0838 6.1432 57.6868
v  -7.2366 4.0795 57.6611
v  -5.3884 -1.0889 75.3267
v  -5.9274 0.0197 72.3676
v  -6.3117 0.9292 69.1457
v  -6.4369 1.7744 65.6356
v  -6.5140 3.3333 61.1912
v  -2.4971 -0.3465 77.3358
v  -1.9262 -0.2495 77.3358
v  -3.7168 -1.0677 77.3296
v  2.9570 -1.0889 75.3266
v  3.1518 -2.1941 71.6634
v  3.4960 0.0197 72.3676
v  3.8804 0.9292 69.1457
v  4.0056 1.7743 65.6356
v  4.0826 3.3333 61.1912
v  0.0657 -0.3465 77.3358
v  1.2854 -1.0677 77.3296
v  -2.2467 7.6022 57.5554
v  -1.2820 7.7024 57.5554
v  -3.0751 7.5052 57.5554
v  -5.1027 6.3012 57.5592
v  -7.2678 4.2368 57.5335
v  -5.4684 -1.0828 75.3704
v  -6.0076 0.0283 72.4031
v  -6.3925 0.9399 69.1721
v  -6.5181 1.7862 65.6524
v  -6.5943 3.3494 61.1954
v  -7.3261 4.1174 57.6512
v  -2.4894 -0.3208 77.4675
v  -3.7013 -1.0264 77.4720
v  3.0371 -1.0828 75.3703
v  3.5763 0.0283 72.4031
v  3.9611 0.9399 69.1721
v  4.0868 1.7862 65.6524
v  4.1629 3.3494 61.1954
v  -0.3076 7.6022 57.5554
v  0.6438 7.5052 57.5554
v  2.6713 6.3012 57.5592
v  -1.9219 -0.2238 77.4675
v  -1.2611 -0.1236 77.4675
v  -1.2614 -0.1493 77.3358
v  -0.5936 -0.2238 77.4675
v  -0.5898 -0.2495 77.3358
v  0.0581 -0.3208 77.4675
v  1.2699 -1.0264 77.4720
v  -9.2736 -17.9647 21.3511
v  -9.5582 -17.9969 32.0191
v  -12.8368 -16.1941 32.0199
v  -12.8514 -16.1719 32.9646
v  -14.7443 -13.6112 32.9732
v  -12.8917 -16.1109 35.5675
v  -14.7873 -13.5520 35.5791
v  -14.8034 -13.5298 36.5544
v  -15.3854 -10.1237 36.5488
v  -15.4556 -9.9697 41.3190
v  -14.7448 -5.9215 36.5628
v  -14.7948 -5.7879 41.3412
v  -13.0849 -0.5819 41.3185
v  -12.7512 -0.8906 44.2049
v  -10.4714 3.0766 44.2007
v  -9.9521 2.9177 49.3735
v  -7.6163 5.8647 49.3944
v  -1.3999 13.5175 -47.4943
v  -1.3971 13.2357 -48.3076
v  -14.7345 -5.9487 35.5868
v  -15.3711 -10.1551 35.5744
v  -14.7072 -6.0217 32.9791
v  -15.3328 -10.2392 32.9711
v  -14.6973 -6.0481 32.0326
v  -15.3190 -10.2697 32.0262
v  -14.3240 -6.3848 21.3528
v  -14.8899 -10.5140 21.3630
v  -12.0228 -7.2932 7.0000
v  -12.3350 -10.3938 7.0000
v  -9.4375 -7.8033 -6.2504
v  -9.6101 -10.1650 -6.2412
v  -8.0128 -9.8567 -13.9001
v  -7.6120 -11.4364 -13.8895
v  -6.5499 -9.1228 -21.4822
v  -6.2186 -10.3867 -21.4669
v  -5.4112 -10.0011 -29.5483
v  -4.7591 -10.8634 -29.5334
v  -4.8361 -9.8931 -33.2931
v  -4.2652 -10.7682 -33.2931
v  -4.6565 -9.8593 -34.4631
v  -4.1150 -10.7392 -34.4367
v  -4.0567 -10.6327 -35.6772
v  -2.5415 -11.7358 -35.6931
v  -3.7653 -10.4165 -43.6862
v  -2.4066 -11.5097 -43.7073
v  -3.7175 -10.3232 -44.9556
v  -2.3845 -11.4081 -44.9776
v  -1.4285 -33.2294 -48.7930
v  -1.3217 -33.4096 -48.6437
v  -1.4385 -33.3364 -48.3297
v  -1.3182 -33.2942 -49.1751
v  -1.1097 -33.4096 -48.6437
v  -1.1132 -33.2942 -49.1751
v  -0.9928 -33.3364 -48.3297
v  -1.0029 -33.2294 -48.7930
v  0.0107 -9.5474 80.9448
v  -0.4290 -8.8782 81.4746
v  0.5043 -9.1732 80.9447
v  1.1989 -9.7462 80.1435
v  1.7056 -9.0381 80.1432
v  1.9914 -10.3984 79.0266
v  2.6595 -9.4393 79.0256
v  2.8935 -11.1498 77.3843
v  3.7328 -9.9234 77.3839
v  3.7121 -11.9879 75.3675
v  4.6998 -10.5165 75.3657
v  4.6213 -12.9282 72.3956
v  5.7561 -11.2255 72.3946
v  5.5439 -13.9575 69.1570
v  6.8082 -12.0617 69.1537
v  6.3588 -14.6484 65.6336
v  7.7014 -12.6471 65.6275
v  7.4649 -15.0168 61.1768
v  8.8771 -12.8853 61.1552
v  10.6263 -12.9713 55.6594
v  9.2947 -10.3726 61.1608
v  11.1049 -10.0622 55.6394
v  8.8738 -7.6037 61.1250
v  10.5215 -6.9620 55.6846
v  7.6447 -3.9767 61.1689
v  9.0437 -2.7606 55.6441
v  7.0652 0.7869 57.6754
v  9.7182 -1.4470 49.4075
v  7.5208 2.9177 49.3735
v  10.3198 -0.8906 44.2049
v  8.0401 3.0766 44.2007
v  10.6536 -0.5819 41.3185
v  8.3282 3.1648 41.3308
v  10.6346 -0.6614 36.5476
v  8.3391 3.2216 36.5532
v  10.6307 -0.6776 35.5731
v  8.3414 3.2332 35.5773
v  10.6203 -0.7210 32.9694
v  8.3473 3.2642 32.9700
v  10.6166 -0.7368 32.0244
v  8.3495 3.2754 32.0237
v  10.3526 -1.4587 21.3570
v  8.1967 2.6332 21.3425
v  8.4117 -3.4356 6.9899
v  6.7410 0.1430 6.9798
v  5.1032 -2.7942 -6.2804
v  4.7948 2.9864 6.9675
v  3.6152 -0.5764 -6.3050
v  1.9937 1.0919 -6.3142
v  2.7872 -2.3881 -13.9649
v  1.4507 -1.1048 -13.9735
v  2.0373 -3.6230 -21.5494
v  0.9595 -2.7008 -21.5576
v  1.5526 -4.3784 -29.6443
v  0.6423 -3.6114 -29.6535
v  1.2338 -4.4757 -33.2931
v  -0.4907 -3.3645 -33.2931
v  1.1208 -4.5101 -34.5855
v  -0.6396 -3.3320 -33.7717
v  1.0805 -4.5313 -35.8337
v  -0.0718 -3.8222 -35.8462
v  0.8790 -4.5690 -43.8826
v  -0.1694 -3.9242 -43.8974
v  -1.0821 -31.8033 -49.1391
v  -1.3493 -31.8033 -49.1391
v  -1.4929 -31.7227 -48.7498
v  -1.5606 -26.6130 -48.1448
v  -1.5038 -31.8293 -48.2317
v  -1.5700 -26.7185 -47.4425
v  -1.5915 -26.7600 -42.6751
v  -1.7329 -20.1802 -39.7206
v  -1.7434 -20.1896 -38.3504
v  -1.8988 -12.8174 -34.6503
v  -1.5499 -13.1053 -33.9527
v  -1.5009 -31.8109 -44.9431
v  -1.5992 -26.6912 -41.7111
v  -1.5067 -31.6821 -44.2906
v  -1.4033 -26.8790 -41.3476
v  -1.3581 -31.8287 -44.0645
v  -1.0280 -26.8790 -41.3476
v  -1.0733 -31.8287 -44.0645
v  -0.8322 -26.6912 -41.7111
v  -0.9246 -31.6821 -44.2906
v  -0.8398 -26.7600 -42.6751
v  -0.9304 -31.8109 -44.9431
v  -0.9276 -31.8293 -48.2317
v  -0.9384 -31.7227 -48.7498
v  -1.6783 -19.9567 -47.0617
v  -1.6885 -20.0605 -46.1193
v  -1.8082 -13.1843 -45.5125
v  -1.8199 -13.2867 -44.3612
v  -1.8851 -13.2602 -36.6984
v  -1.5012 -13.4486 -45.9849
v  -1.7788 -11.7069 -45.4659
v  -0.9302 -13.4486 -45.9849
v  -0.6630 -2.9010 -44.3862
v  -0.6050 -2.8293 -36.7718
v  -0.8332 2.1617 -45.3176
v  -0.7835 2.1875 -38.7085
v  -0.9085 6.8908 -46.2720
v  -0.8514 6.8573 -40.4638
v  -0.9429 11.1923 -47.0877
v  -0.8631 11.9282 -42.2949
v  -0.9096 11.9144 -41.1767
v  -1.0641 12.4355 -40.6731
v  -1.0670 -2.2393 -34.2005
v  -0.9344 -3.2350 -33.7717
v  -1.2266 -2.3363 -34.2005
v  -1.2232 2.6846 -36.4180
v  -1.3327 2.7816 -36.4180
v  -1.3098 7.4569 -38.5357
v  -1.3855 7.3600 -38.5357
v  -1.3672 12.4355 -40.6731
v  -1.5587 6.8587 -39.1262
v  -1.5218 11.9144 -41.1767
v  -1.5800 6.8573 -40.4638
v  -1.5683 11.9282 -42.2949
v  -1.4885 11.1923 -47.0877
v  -1.4843 11.2033 -47.9624
v  -1.3489 11.6115 -48.5505
v  -1.2760 10.4803 32.6732
v  -0.3876 10.8934 32.0196
v  -1.2761 11.0989 32.0196
v  -0.3885 10.3336 32.6732
v  -1.2759 8.7757 34.4741
v  -0.3910 8.7911 34.4741
v  -0.6441 8.2138 35.1481
v  0.8410 8.6558 34.4741
v  -0.0454 8.1377 34.7919
v  -1.6590 -8.9817 -51.4954
v  -0.7724 -8.9817 -51.4954
v  -1.2157 -8.1500 -51.8493
v  -2.2152 -8.7547 -51.4863
v  -1.5898 -7.8828 -51.9098
v  -2.6467 -8.4700 -51.4786
v  -1.8026 -7.6867 -51.9261
v  -2.9211 -8.0524 -51.5012
v  -1.9242 -7.5112 -51.9338
v  -3.0475 -7.5535 -51.5358
v  -1.9792 -7.3012 -51.9453
v  -3.0522 -7.0254 -51.5588
v  -1.9815 -7.0848 -51.9534
v  -2.9446 -6.5427 -51.5694
v  -1.9369 -6.8845 -51.9587
v  -2.7288 -6.1300 -51.5795
v  -1.8476 -6.7131 -51.9635
v  -2.4171 -5.7887 -51.5958
v  -1.7191 -6.5779 -51.9693
v  -2.0366 -5.5379 -51.6049
v  -1.5612 -6.4732 -51.9717
v  -1.6249 -5.3769 -51.5948
v  -1.3909 -6.4098 -51.9683
v  -1.4426 -5.2799 -51.5948
v  -1.2302 -5.3769 -51.5948
v  -1.3653 -2.4035 -45.7352
v  -1.2339 -3.3934 -45.6128
v  -1.4990 -3.4384 -45.6128
v  -1.2253 -2.5004 -45.7352
v  -1.3193 2.6419 -46.8212
v  -1.2223 2.5449 -46.8212
v  -1.2989 7.3905 -47.6945
v  -1.2210 7.2936 -47.6945
v  -1.2895 11.7085 -48.5505
v  -1.2204 11.6115 -48.5505
v  -1.2189 13.5276 -48.9188
v  -1.2194 14.3253 -41.5018
v  -1.2866 14.7205 -42.6521
v  -1.2728 14.4223 -41.5018
v  -1.2202 14.6234 -42.6521
v  -1.2189 13.8198 -47.9773
v  -10.7595 3.1648 41.3308
v  -13.0660 -0.6614 36.5476
v  -10.7705 3.2216 36.5532
v  -13.0621 -0.6776 35.5731
v  -10.7727 3.2332 35.5773
v  -10.7787 3.2642 32.9700
v  -8.2317 6.0308 32.9595
v  -10.7808 3.2754 32.0237
v  -8.2359 6.0362 32.0138
v  -10.6281 2.6332 21.3425
v  -8.1542 5.3097 21.3393
v  -9.1724 0.1430 6.9798
v  -7.2261 2.9864 6.9675
v  -7.5345 -2.7942 -6.2805
v  -6.0465 -0.5764 -6.3050
v  -6.4175 -4.0893 -13.9423
v  -5.2186 -2.3881 -13.9649
v  -4.4686 -3.6230 -21.5494
v  -3.3908 -2.7008 -21.5576
v  -3.9840 -4.3784 -29.6443
v  -3.0736 -3.6114 -29.6535
v  -1.9406 -3.3645 -33.2931
v  -1.8312 -3.3094 -33.2931
v  -1.7917 -3.3320 -33.7717
v  -1.5570 -3.2123 -33.2931
v  -1.5351 -3.2350 -33.7717
v  -1.2376 -3.3094 -33.2931
v  -1.2362 -3.3320 -33.7717
v  -8.1954 5.9826 41.3144
v  -8.2162 6.0101 36.5401
v  -5.6807 7.8367 41.3219
v  -3.7886 8.1488 36.5449
v  -3.3534 8.9954 41.3210
v  -2.7071 9.0775 36.4052
v  -2.4010 9.0923 41.3210
v  -2.0426 9.1656 36.5454
v  -1.2919 9.1925 41.3210
v  -1.2688 9.2658 36.6195
v  -1.0158 -5.2799 -51.5948
v  -0.9108 -4.1789 -50.5453
v  -1.2379 -4.1329 -50.5453
v  -0.9662 -3.4394 -45.6128
v  -0.9470 11.2032 -47.9624
v  -0.9132 6.8888 -47.0838
v  -1.0657 7.2936 -47.6945
v  -0.8390 2.1442 -46.2581
v  -1.0289 2.5449 -46.8207
v  -0.6715 -2.8979 -45.2715
v  -0.9458 -2.5004 -45.7352
v  -1.0839 -2.4035 -45.7352
v  5.7641 5.9826 41.3144
v  5.5574 5.9406 44.1976
v  3.1114 7.8679 44.1969
v  2.8625 7.9240 49.3790
v  0.7394 9.0640 49.3917
v  -0.2608 9.1610 49.3917
v  -1.2854 9.2612 49.3917
v  -1.4855 -2.5004 -45.7352
v  -1.7265 -3.5662 -45.6128
v  -1.4025 2.5449 -46.8212
v  -1.3657 7.2936 -47.6945
v  -0.6008 -2.7959 -34.9734
v  -0.9113 -2.3363 -34.2005
v  -1.1127 2.7816 -36.4180
v  -1.2218 7.3600 -38.5357
v  -1.2997 12.2565 -40.6227
v  -0.7896 2.2069 -37.1113
v  -1.0047 2.6846 -36.4180
v  -1.1327 7.4569 -38.5357
v  -1.2211 12.4355 -40.6731
v  -2.1329 -3.1360 -29.6376
v  -1.8102 -2.0290 -21.5398
v  -1.7243 -3.0391 -29.6376
v  -2.2879 -2.1261 -21.5398
v  -1.9393 0.0037 -13.9538
v  -2.5207 -0.3556 -13.9538
v  -2.0825 2.3889 -6.2924
v  -2.7789 2.0295 -6.2924
v  -2.2627 6.1630 6.9782
v  -3.1041 5.8037 6.9781
v  -2.4067 10.3866 21.3409
v  -3.3637 10.0273 21.3409
v  -2.4137 12.6504 32.5585
v  -3.0094 12.2462 32.7125
v  -2.1548 10.3195 32.6732
v  -2.1520 8.7873 34.4741
v  -3.2724 8.6558 34.4741
v  -1.8646 8.2138 35.1481
v  -2.3860 8.1377 34.7919
v  8.2184 -10.2271 65.6247
v  7.3724 -9.7634 69.1520
v  7.2586 -7.1364 69.1497
v  6.2986 -6.8367 72.3931
v  5.7590 -4.3710 72.3949
v  4.8446 -4.7142 75.3661
v  4.0564 -2.7179 75.3672
v  3.3021 -3.4827 77.3837
v  1.6735 -3.3880 79.0254
v  0.8008 -2.5276 79.0253
v  -0.1808 -1.9949 79.0261
v  -0.7103 -1.8979 79.0261
v  -1.2526 -1.7977 79.0261
v  -1.7895 -1.8979 79.0261
v  -2.2506 -1.9949 79.0261
v  -2.1558 10.8756 32.0196
v  -3.0882 10.0399 32.6732
v  -2.6232 10.4700 32.0196
v  -3.3075 11.4260 33.5313
v  -2.7863 12.1296 32.9710
v  -3.6019 11.4927 33.3915
v  -3.5085 9.8820 35.5410
v  -3.8367 9.7288 35.6864
v  -2.5225 9.3115 36.2397
v  -1.9406 9.3861 36.2960
v  -1.2623 9.5175 36.3754
v  -2.2655 12.4602 32.8017
v  -1.2927 12.8423 32.5585
v  -1.2832 12.6086 32.8017
v  -0.1605 12.6731 32.5585
v  -0.2908 12.4804 32.8014
v  0.5780 12.2700 32.7125
v  0.3548 12.1503 32.9712
v  1.1705 11.4927 33.3915
v  0.8761 11.4260 33.5313
v  1.4053 9.7288 35.6864
v  1.0772 9.8820 35.5410
v  0.2757 9.0775 36.4052
v  0.0912 9.3114 36.2397
v  -0.4873 9.1656 36.5454
v  -0.5772 9.3861 36.2960
v  -3.4737 9.8691 35.5046
v  -2.5009 9.3130 36.1949
v  -1.9281 9.3836 36.2444
v  -1.2574 8.1377 35.1481
v  -1.2615 9.5160 36.3274
v  -0.5882 9.3836 36.2444
v  0.0695 9.3130 36.1949
v  1.0424 9.8691 35.5046
v  -2.2480 12.4080 32.8108
v  -2.7614 12.0861 32.9779
v  -1.2821 12.5524 32.8104
v  -0.3064 12.4277 32.8109
v  0.3300 12.1067 32.9780
v  0.1918 10.4886 32.0196
v  0.8401 11.3884 33.5273
v  0.6568 10.0399 32.6732
v  -3.2714 11.3884 33.5273
v  -0.2851 14.7401 -42.7226
v  -2.0809 14.3119 -42.6890
v  -0.2851 14.3119 -42.6890
v  -2.0809 14.7401 -42.7226
v  -0.2851 14.1122 -44.6638
v  -2.0809 14.5294 -44.6988
v  -0.2851 14.5294 -44.6988
v  -2.0809 14.1122 -44.6638
v  -0.2851 14.1635 -44.1566
v  -0.2851 14.6647 -44.1811
v  -0.2851 14.2662 -43.1405
v  -0.2851 14.7675 -43.1650
v  -2.0809 14.6647 -44.1811
v  -2.0809 14.1635 -44.1566
v  -2.0809 14.7675 -43.1650
v  -2.0809 14.2662 -43.1405
v  -2.0250 14.5682 -44.6392
v  -0.3409 14.5682 -44.6392
v  -1.9330 14.6018 -44.5376
v  -0.4330 14.6018 -44.5376
v  -1.7960 14.6418 -44.3863
v  -0.5700 14.6418 -44.3863
v  -1.7960 14.7173 -44.0351
v  -0.5700 14.7173 -44.0351
v  -1.7960 14.7875 -43.3414
v  -0.5700 14.7875 -43.3414
v  -1.7960 14.7873 -43.0370
v  -0.5700 14.7873 -43.0370
v  -1.9330 14.7807 -42.8866
v  -0.4330 14.7807 -42.8866
v  -2.0250 14.7679 -42.7857
v  -0.3409 14.7679 -42.7857
v  -2.0250 14.6897 -44.1544
v  -2.0250 14.7860 -43.2015
v  -0.5853 4.4223 -2.2128
v  -0.1310 4.3054 -1.8421
v  0.1147 4.1176 -2.5746
v  -0.9478 4.4877 -1.9576
v  -1.1719 4.3164 -2.6256
v  -1.3959 4.4877 -1.9576
v  -1.7584 4.4223 -2.2128
v  -1.5694 4.4215 -1.3893
v  -2.2127 4.3054 -1.8421
v  -1.6463 4.1663 -1.0796
v  -2.4140 4.0277 -1.6198
v  -2.4140 2.4372 -1.2120
v  -2.7073 3.8035 -2.4941
v  -2.7073 2.2130 -2.0862
v  -2.4584 4.1176 -2.5746
v  -0.6974 3.4408 -3.9086
v  -0.1310 3.9297 -3.3071
v  0.0703 3.5794 -3.3683
v  -0.7743 3.8137 -3.7599
v  -1.6463 3.4408 -3.9086
v  -1.5694 3.8137 -3.7599
v  -2.4140 3.5794 -3.3683
v  -2.2127 3.9297 -3.3071
v  0.0703 1.9889 -2.9604
v  0.3636 3.8035 -2.4941
v  0.3636 2.2130 -2.0862
v  0.0703 4.0277 -1.6198
v  0.0703 2.4372 -1.2120
v  -1.6463 2.5758 -0.6717
v  -0.6974 2.5758 -0.6717
v  -0.6974 4.1663 -1.0796
v  -2.4140 1.9889 -2.9604
v  -1.6463 1.8503 -3.5007
v  -0.6974 1.8503 -3.5007
v  11.8459 -8.1998 18.7531
v  10.9530 -8.1776 15.7269
v  11.3615 -8.1550 15.7725
v  11.4604 -8.2234 18.8152
v  12.0233 -8.0001 19.3796
v  11.6378 -8.0237 19.4417
v  11.7126 -7.6672 19.7152
v  12.0088 -7.2653 19.4653
v  11.6232 -7.2888 19.5274
v  12.0981 -7.6437 19.6531
v  10.9723 -6.9904 16.2522
v  11.2045 -7.1676 15.5652
v  10.8190 -7.1911 15.6273
v  11.3918 -6.9683 16.4003
v  11.4582 -7.0352 19.2289
v  11.8438 -7.0117 19.1668
v  10.8215 -7.9255 15.5423
v  11.2070 -7.9019 15.4802
v  10.7102 -7.5461 15.3056
v  11.0957 -7.5226 15.2435
v  -13.3394 -8.1776 15.7269
v  -14.2323 -8.1998 18.7531
v  -13.7480 -8.1550 15.7725
v  -13.8468 -8.2234 18.8152
v  -14.4097 -8.0001 19.3796
v  -14.0242 -8.0237 19.4417
v  -14.3952 -7.2653 19.4653
v  -14.0990 -7.6672 19.7152
v  -14.0097 -7.2888 19.5274
v  -14.4845 -7.6437 19.6531
v  -13.5909 -7.1676 15.5652
v  -13.3587 -6.9904 16.2522
v  -13.2054 -7.1911 15.6273
v  -13.7782 -6.9683 16.4003
v  -13.8447 -7.0352 19.2289
v  -14.2302 -7.0117 19.1668
v  -13.2079 -7.9255 15.5423
v  -13.5934 -7.9019 15.4802
v  -13.0966 -7.5461 15.3056
v  -13.4821 -7.5226 15.2435
v  -15.9965 -7.2018 81.9120
v  -16.4421 -7.5123 81.2185
v  -15.9965 -7.6317 81.2185
v  -16.2272 -7.1401 81.9120
v  -16.7683 -7.1861 81.2185
v  -16.3960 -6.9712 81.9120
v  -16.8877 -6.7406 81.2185
v  -16.4578 -6.7406 81.9120
v  -16.7683 -6.2950 81.2185
v  -16.3960 -6.5099 81.9120
v  -16.4421 -5.9689 81.2185
v  -16.2272 -6.3411 81.9120
v  -15.9965 -5.8495 81.2185
v  -15.9965 -6.2793 81.9120
v  -15.5510 -5.9689 81.2185
v  -15.7659 -6.3411 81.9120
v  -15.2248 -6.2950 81.2185
v  -15.5971 -6.5099 81.9120
v  -15.1055 -6.7406 81.2185
v  -15.5353 -6.7406 81.9120
v  -15.2248 -7.1861 81.2185
v  -15.5971 -6.9712 81.9120
v  -15.5510 -7.5123 81.2185
v  -15.7659 -7.1401 81.9120
v  -15.9965 -8.8393 3.5138
v  -15.0965 -8.2994 6.1910
v  -15.9965 -8.5406 6.1910
v  -14.9472 -8.5581 3.5138
v  -14.4377 -7.6406 6.1910
v  -14.1790 -7.7899 3.5138
v  -14.1965 -6.7406 6.1910
v  -13.8978 -6.7406 3.5138
v  -14.4377 -5.8405 6.1910
v  -14.1790 -5.6912 3.5138
v  -15.0965 -5.1817 6.1910
v  -14.9472 -4.9230 3.5138
v  -15.9965 -4.9405 6.1910
v  -15.9965 -4.6419 3.5138
v  -16.8966 -5.1817 6.1910
v  -17.0459 -4.9230 3.5138
v  -17.5554 -5.8405 6.1910
v  -17.8141 -5.6912 3.5138
v  -17.7965 -6.7406 6.1910
v  -18.0953 -6.7406 3.5138
v  -17.5554 -7.6406 6.1910
v  -17.8141 -7.7899 3.5138
v  -16.8966 -8.2994 6.1910
v  -17.0459 -8.5581 3.5138
v  -15.9965 -8.3818 6.3026
v  -16.8171 -8.1619 6.3026
v  -17.4179 -7.5612 6.3026
v  -17.6377 -6.7406 6.3026
v  -17.4179 -5.9199 6.3026
v  -16.8171 -5.3192 6.3026
v  -15.9965 -5.0994 6.3026
v  -15.1759 -5.3192 6.3026
v  -14.5752 -5.9199 6.3026
v  -14.3553 -6.7406 6.3026
v  -14.5752 -7.5612 6.3026
v  -15.1759 -8.1619 6.3026
v  -15.1759 -8.1619 39.6504
v  -15.9965 -8.3818 39.6504
v  -14.5752 -7.5612 39.6504
v  -14.3553 -6.7406 39.6504
v  -14.5752 -5.9199 39.6504
v  -15.1759 -5.3192 39.6504
v  -15.9965 -5.0994 39.6504
v  -16.8171 -5.3192 39.6504
v  -17.4179 -5.9199 39.6504
v  -17.6377 -6.7406 39.6504
v  -17.4179 -7.5612 39.6504
v  -16.8171 -8.1619 39.6504
v  -14.7904 -8.8297 40.0909
v  -15.9965 -9.1529 40.0909
v  -13.9074 -7.9468 40.0909
v  -13.5842 -6.7406 40.0909
v  -13.9074 -5.5344 40.0909
v  -14.7904 -4.6514 40.0909
v  -15.9965 -4.3282 40.0909
v  -17.2027 -4.6514 40.0909
v  -18.0857 -5.5344 40.0909
v  -18.4089 -6.7406 40.0909
v  -18.0857 -7.9468 40.0909
v  -17.2027 -8.8297 40.0909
v  -14.7904 -8.8297 40.5582
v  -15.9965 -9.1529 40.5582
v  -13.9074 -7.9468 40.5582
v  -13.5842 -6.7406 40.5582
v  -13.9074 -5.5344 40.5582
v  -14.7904 -4.6514 40.5582
v  -15.9965 -4.3282 40.5582
v  -17.2027 -4.6514 40.5582
v  -18.0857 -5.5344 40.5582
v  -18.4089 -6.7406 40.5582
v  -18.0857 -7.9468 40.5582
v  -17.2027 -8.8297 40.5582
v  -14.5704 -9.2106 41.0245
v  -15.9965 -9.5928 41.0245
v  -13.5265 -8.1667 41.0245
v  -13.1444 -6.7406 41.0245
v  -13.5265 -5.3144 41.0245
v  -14.5704 -4.2705 41.0245
v  -15.9965 -3.8884 41.0245
v  -17.4226 -4.2705 41.0245
v  -18.4666 -5.3144 41.0245
v  -18.8488 -6.7406 41.0245
v  -18.4666 -8.1667 41.0245
v  -17.4226 -9.2106 41.0245
v  -14.5704 -9.2106 44.4899
v  -15.9965 -9.5928 44.4899
v  -13.5265 -8.1667 44.4899
v  -13.1444 -6.7406 44.4899
v  -13.5265 -5.3144 44.4899
v  -14.5704 -4.2705 44.4899
v  -15.9965 -3.8884 44.4899
v  -17.4226 -4.2705 44.4899
v  -18.4666 -5.3144 44.4899
v  -18.8488 -6.7406 44.4899
v  -18.4666 -8.1667 44.4899
v  -17.4226 -9.2106 44.4899
v  -14.7599 -8.8826 45.1091
v  -15.9965 -9.2139 45.1091
v  -13.8546 -7.9772 45.1091
v  -13.5232 -6.7406 45.1091
v  -13.8546 -5.5039 45.1091
v  -14.7599 -4.5986 45.1091
v  -15.9965 -4.2672 45.1091
v  -17.2332 -4.5986 45.1091
v  -18.1385 -5.5039 45.1091
v  -18.4699 -6.7406 45.1091
v  -18.1385 -7.9772 45.1091
v  -17.2332 -8.8826 45.1091
v  -14.7599 -8.8826 64.2749
v  -15.9965 -9.2139 64.2749
v  -13.8546 -7.9772 64.2749
v  -13.5232 -6.7406 64.2749
v  -13.8546 -5.5039 64.2749
v  -14.7599 -4.5986 64.2749
v  -15.9965 -4.2672 64.2749
v  -17.2332 -4.5986 64.2749
v  -18.1385 -5.5039 64.2749
v  -18.4699 -6.7406 64.2749
v  -18.1385 -7.9772 64.2749
v  -17.2332 -8.8826 64.2749
v  -15.9965 -9.4658 64.4854
v  -15.9965 -9.7358 64.9508
v  -14.6340 -9.1007 64.4854
v  -13.6365 -8.1032 64.4854
v  -13.2713 -6.7406 64.4854
v  -13.6365 -5.3780 64.4854
v  -14.4989 -4.1466 64.9508
v  -14.6340 -4.3805 64.4854
v  -15.9965 -3.7453 64.9508
v  -15.9965 -4.0153 64.4854
v  -17.4942 -4.1466 64.9508
v  -17.3592 -4.3805 64.4854
v  -18.5905 -5.2429 64.9508
v  -18.3567 -5.3780 64.4854
v  -18.9918 -6.7406 64.9508
v  -18.7218 -6.7406 64.4854
v  -18.5905 -8.2382 64.9508
v  -18.3567 -8.1032 64.4854
v  -17.4942 -9.3345 64.9508
v  -17.3592 -9.1007 64.4854
v  -15.9965 -9.4590 65.1614
v  -14.6373 -9.0948 65.6093
v  -15.9965 -9.4590 65.6093
v  -13.6423 -8.0998 65.6093
v  -13.2781 -6.7406 65.6093
v  -13.6423 -5.3813 65.6093
v  -14.6373 -4.3863 65.6093
v  -14.6373 -4.3863 65.1614
v  -15.9965 -4.0221 65.6093
v  -15.9965 -4.0221 65.1614
v  -17.3558 -4.3863 65.6093
v  -17.3558 -4.3863 65.1614
v  -18.3508 -5.3813 65.6093
v  -18.3508 -5.3813 65.1614
v  -18.7150 -6.7406 65.6093
v  -18.7150 -6.7406 65.1614
v  -18.3508 -8.0998 65.6093
v  -18.3508 -8.0998 65.1614
v  -17.3558 -9.0948 65.6093
v  -17.3558 -9.0948 65.1614
v  -14.3937 -9.5167 65.6093
v  -13.2204 -8.3434 65.6093
v  -12.7910 -6.7406 65.6093
v  -13.2204 -5.1378 65.6093
v  -14.3937 -3.9645 65.6093
v  -15.9965 -3.5350 65.6093
v  -17.5993 -3.9645 65.6093
v  -18.7727 -5.1378 65.6093
v  -19.2022 -6.7406 65.6093
v  -18.7727 -8.3434 65.6093
v  -17.5993 -9.5167 66.0551
v  -18.7727 -8.3434 66.0551
v  -19.2022 -6.7406 66.0551
v  -18.7727 -5.1378 66.0551
v  -17.5993 -3.9645 66.0551
v  -15.9965 -3.5350 66.0551
v  -14.3937 -3.9645 66.0551
v  -13.2204 -5.1378 66.0551
v  -12.7910 -6.7406 66.0551
v  -13.2204 -8.3434 66.0551
v  -14.3937 -9.5167 66.0551
v  -15.9965 -8.5214 66.0551
v  -15.1058 -8.2834 75.2061
v  -15.9965 -8.5221 75.2061
v  -15.1061 -8.2828 66.0551
v  -14.4537 -7.6313 75.2061
v  -14.4543 -7.6309 66.0551
v  -14.2150 -6.7406 75.2061
v  -14.2157 -6.7406 66.0551
v  -14.4537 -5.8498 75.2061
v  -14.4543 -5.8502 66.0551
v  -15.1058 -5.1977 75.2061
v  -15.1061 -5.1984 66.0551
v  -15.9965 -4.9591 75.2061
v  -15.9965 -4.9597 66.0551
v  -16.8873 -5.1977 75.2061
v  -16.8870 -5.1984 66.0551
v  -17.5394 -5.8498 75.2061
v  -17.5388 -5.8502 66.0551
v  -17.7781 -6.7406 75.2061
v  -17.7773 -6.7406 66.0551
v  -17.5394 -7.6313 75.2061
v  -17.5388 -7.6309 66.0551
v  -16.8873 -8.2834 75.2061
v  -16.8870 -8.2828 66.0551
v  0.6332 5.0112 65.1608
v  0.2694 3.4413 61.1027
v  0.0682 2.1184 64.9102
v  0.8345 6.3342 61.3533
v  -3.3114 4.8731 65.5583
v  -3.7528 4.7874 65.5519
v  -3.6096 3.8209 68.5971
v  -3.3308 5.0008 65.1908
v  -2.0661 5.0853 65.5583
v  -2.0732 5.2130 65.1908
v  -1.3508 5.1362 65.5583
v  -1.3508 5.2692 65.1758
v  -0.6346 5.0853 65.5583
v  -0.6269 5.2234 65.1608
v  0.6122 4.8731 65.5583
v  1.0746 4.9256 65.1543
v  1.2759 6.2485 61.3468
v  0.4717 3.9246 68.5465
v  0.0471 1.9802 65.3078
v  -0.0934 1.0318 68.2959
v  0.2712 2.6319 72.0035
v  -0.1091 0.9256 68.6303
v  -0.2672 -0.0939 71.3626
v  0.4560 3.8185 68.8809
v  -2.9507 2.5058 72.3352
v  -2.9678 2.6156 72.0463
v  -3.3921 2.4201 72.3288
v  -1.9346 2.7180 72.3352
v  -1.9408 2.8277 72.0463
v  -1.3508 2.7689 72.3352
v  -1.3508 2.8869 72.0249
v  -0.7662 2.7180 72.3352
v  -0.7590 2.8440 72.0035
v  0.2516 2.5058 72.3352
v  0.7126 2.5462 71.9970
v  0.8974 3.7328 68.8745
v  -0.5148 -1.5833 74.2042
v  -0.2839 -0.2023 71.6528
v  -0.0268 0.8556 75.2121
v  0.4146 0.7699 75.2057
v  0.3877 0.6105 75.4835
v  0.6930 2.4201 72.3288
v  0.1258 -0.8843 77.4183
v  0.1575 -0.2879 71.6464
v  0.1742 -0.1796 71.3561
v  -0.0734 -1.6689 74.1978
v  -0.0957 -1.8023 74.4442
v  -3.5431 6.4105 60.9869
v  -3.5336 6.3342 61.3533
v  -2.1472 6.5464 61.3533
v  -3.9750 6.2485 61.3468
v  -3.9845 6.3248 60.9805
v  -2.9686 3.4413 61.1027
v  -2.7657 2.1079 64.9402
v  -3.7722 4.9151 65.1843
v  -3.1682 3.9065 68.6035
v  -2.7463 1.9802 65.3078
v  -2.6031 1.0137 68.3530
v  -2.5901 0.9256 68.6303
v  -3.1551 3.8185 68.8809
v  -2.4298 -0.1079 71.4001
v  -3.4092 2.5299 72.0399
v  -3.5965 3.7328 68.8745
v  -2.6728 0.8581 75.2076
v  -2.4152 -0.2023 71.6528
v  -2.1848 -1.5811 74.2002
v  -3.0869 0.6105 75.4835
v  -3.1142 0.7725 75.2011
v  -2.8250 -0.8843 77.4183
v  -3.4100 3.3557 61.0963
v  -3.4212 3.4400 60.7405
v  -3.2071 2.0223 64.9338
v  -3.1877 1.8946 65.3013
v  -3.0445 0.9280 68.3465
v  -3.0315 0.8400 68.6239
v  -2.8712 -0.1936 71.3936
v  -2.8566 -0.2879 71.6464
v  -2.6261 -1.6668 74.1938
v  -2.6035 -1.8023 74.4442
v  -0.6859 4.1368 68.5465
v  0.9131 3.8390 68.5400
v  0.8415 6.3905 61.0831
v  1.4268 7.4644 55.5087
v  0.9854 7.5501 55.5151
v  1.2829 6.3048 61.0767
v  -1.3508 -1.4535 74.4507
v  -1.3508 1.1200 75.2098
v  -1.3508 -1.3191 74.2022
v  -1.3508 0.9593 75.4900
v  -3.6845 7.2327 55.5151
v  -4.1259 7.1471 55.5087
v  -1.9411 3.6535 61.1027
v  -1.3508 3.7045 61.1027
v  -1.3508 6.5973 61.3533
v  -0.7597 3.6535 61.1027
v  -0.5535 6.5464 61.3533
v  -2.1507 6.6227 60.9869
v  -2.9798 3.5257 60.7470
v  -1.9451 3.7379 60.7470
v  -1.3508 6.6636 61.0350
v  -1.3508 3.7778 60.7936
v  -0.5510 6.6026 61.0831
v  -0.7567 3.7157 60.8403
v  0.2777 3.5035 60.8403
v  -1.7392 0.0099 71.6528
v  -1.3508 0.0609 71.6528
v  -0.9616 0.0099 71.6528
v  -1.7445 0.1042 71.4001
v  -1.3508 0.1622 71.3813
v  -0.9554 0.1182 71.3626
v  -1.8030 1.1378 68.6303
v  -2.0091 4.0307 68.8809
v  -1.3508 1.1888 68.6303
v  -1.3508 4.0816 68.8809
v  -0.8978 1.1378 68.6303
v  -0.6916 4.0307 68.8809
v  -2.0139 4.1187 68.6035
v  -1.8077 1.2258 68.3530
v  -1.3508 4.1787 68.5750
v  -1.3508 1.2859 68.3244
v  -0.8920 1.2439 68.2959
v  -1.8600 2.1924 65.3078
v  -1.3508 2.2434 65.3078
v  -0.8408 2.1924 65.3078
v  -1.8671 2.3201 64.9402
v  -1.3508 2.3763 64.9252
v  -0.8331 2.3305 64.9102
v  -0.8677 1.0677 75.2121
v  -1.0458 -1.3711 74.2042
v  -1.0539 -1.5045 74.4507
v  -0.8776 0.9083 75.4900
v  -1.6551 -1.3689 74.2002
v  -1.8332 1.0703 75.2076
v  -1.8232 0.9083 75.4900
v  -1.6468 -1.5045 74.4507
v  1.4268 7.5071 54.8226
v  0.9854 7.5928 54.8290
v  -3.6845 7.2754 54.8290
v  -4.1259 7.1898 54.8226
v  0.2777 4.6133 55.3026
v  -2.9798 4.6354 55.2092
v  0.7191 3.4179 60.8339
v  0.7191 3.4179 56.1855
v  -2.8523 -2.5031 74.4152
v  -4.3974 -0.4472 75.1805
v  -2.9044 -2.3741 74.1693
v  -4.3334 -0.6001 75.4577
v  -5.0605 2.2575 61.1004
v  -7.2871 1.8530 61.0997
v  -6.0316 1.2400 60.9357
v  -6.3977 3.6653 61.3251
v  -4.4725 2.7281 61.1947
v  -5.8855 4.7047 61.4546
v  -3.8253 3.1158 61.2887
v  -5.1540 5.4308 61.5825
v  -2.9906 3.4374 61.3964
v  -3.7219 6.0266 61.7974
v  -5.1567 5.4990 61.3150
v  -3.7199 6.0981 61.5307
v  -6.4085 3.7528 60.9614
v  -6.0561 1.3277 60.5813
v  -7.3042 1.9361 60.7350
v  -5.0777 2.3504 60.7472
v  -5.8918 4.7829 61.1391
v  -4.4837 2.8114 60.8884
v  -3.8317 3.1886 61.0291
v  -2.9915 3.5140 61.1376
v  -3.8163 -1.3749 71.5840
v  -6.4031 -0.6072 72.0782
v  -5.6365 -2.0402 71.4753
v  -5.6348 0.6552 72.2425
v  -3.4393 -1.0509 71.6461
v  -5.0536 1.1211 72.3358
v  -3.0032 -0.8100 71.7079
v  -4.4132 1.5040 72.4287
v  -2.3163 -0.4918 71.8148
v  -3.2280 2.0692 72.5898
v  -5.6754 0.7623 71.9554
v  -5.0901 1.2411 72.0284
v  -4.4448 1.6375 72.1012
v  -3.2465 2.2117 72.2644
v  -5.6806 -1.9545 71.2226
v  -6.4550 -0.5079 71.7894
v  -3.8506 -1.2825 71.3328
v  -3.4702 -0.9475 71.3772
v  -3.0299 -0.6949 71.4213
v  -2.3318 -0.3690 71.5300
v  -4.2269 -0.2696 68.5800
v  -6.5835 0.3235 68.6222
v  -6.0811 -1.3655 68.4522
v  -6.0298 1.8077 68.8085
v  -3.7833 0.1007 68.6523
v  -5.4603 2.4567 68.9144
v  -3.2805 0.3880 68.7242
v  -4.7419 2.8938 69.0191
v  -2.5464 0.7030 68.8305
v  -3.4209 3.5533 69.2010
v  -5.4853 2.5593 68.6113
v  -4.7633 3.0101 68.6887
v  -3.4319 3.6769 68.8722
v  -6.0575 1.8972 68.5329
v  -6.1175 -1.2820 68.1753
v  -6.6198 0.4070 68.3453
v  -4.2547 -0.1800 68.3044
v  -3.8084 0.2033 68.3492
v  -3.3019 0.5043 68.3938
v  -2.5574 0.8266 68.5017
v  -4.5589 0.8029 65.2790
v  -6.7229 0.6232 65.3014
v  -6.2689 -0.5997 65.1368
v  -6.2039 2.6533 65.5062
v  -4.0556 1.2146 65.3604
v  -5.5684 3.3346 65.6211
v  -3.4933 1.5433 65.4414
v  -4.8811 3.9433 65.7357
v  -2.7795 1.9928 65.6676
v  -3.5299 4.5733 65.9340
v  -5.6064 3.4723 65.2421
v  -4.9125 4.0920 65.3431
v  -3.5473 4.7317 65.5435
v  -6.2477 2.7804 65.1410
v  -6.3257 -0.4816 64.7696
v  -6.7796 0.7414 64.9342
v  -4.6027 0.9300 64.9137
v  -4.0936 1.3523 64.9814
v  -3.5247 1.6920 65.0488
v  -2.7970 2.1512 65.2771
v  -3.8627 -0.1393 75.2594
v  -2.5560 -2.1954 74.2197
v  -2.8622 0.2974 75.3924
v  -2.0809 -1.9838 74.3033
v  -2.5127 -2.3292 74.4623
v  -2.0525 -2.1279 74.5437
v  -3.8095 -0.2981 75.5329
v  -2.8269 0.1263 75.6631
v  -3.1938 -2.6360 74.1187
v  -4.8731 -0.8383 75.1012
v  -3.6265 -3.1949 74.0333
v  -5.6298 -1.6224 74.9664
v  -4.7982 -0.9851 75.3822
v  -5.5368 -1.7567 75.2502
v  -3.1327 -2.7599 74.3678
v  -3.5502 -3.3085 74.2847
v  0.2160 -2.5031 74.4152
v  1.7611 -0.4472 75.1805
v  1.6972 -0.6001 75.4577
v  0.2682 -2.3741 74.1693
v  4.6508 1.8530 61.0997
v  2.4243 2.2575 61.1004
v  3.3953 1.2400 60.9357
v  3.7614 3.6653 61.3251
v  1.8363 2.7281 61.1947
v  3.2493 4.7047 61.4546
v  1.1891 3.1158 61.2887
v  2.5178 5.4308 61.5825
v  0.3544 3.4374 61.3964
v  1.0857 6.0266 61.7974
v  2.5204 5.4990 61.3150
v  1.0837 6.0981 61.5307
v  3.4199 1.3277 60.5813
v  3.7722 3.7528 60.9614
v  4.6679 1.9361 60.7350
v  2.4414 2.3504 60.7472
v  3.2555 4.7829 61.1391
v  1.8474 2.8114 60.8884
v  1.1954 3.1886 61.0291
v  0.3553 3.5140 61.1376
v  3.7669 -0.6072 72.0782
v  1.1800 -1.3749 71.5840
v  3.0003 -2.0402 71.4753
v  2.9986 0.6552 72.2425
v  0.8031 -1.0509 71.6461
v  2.4174 1.1211 72.3358
v  0.3670 -0.8100 71.7079
v  1.7770 1.5040 72.4287
v  -0.3199 -0.4918 71.8148
v  0.5917 2.0692 72.5898
v  3.0391 0.7623 71.9554
v  2.4539 1.2411 72.0284
v  1.8086 1.6375 72.1012
v  0.6102 2.2117 72.2644
v  3.0443 -1.9545 71.2226
v  3.8187 -0.5079 71.7894
v  1.2143 -1.2825 71.3328
v  0.8340 -0.9475 71.3772
v  0.3936 -0.6949 71.4213
v  -0.3044 -0.3690 71.5300
v  3.9472 0.3235 68.6222
v  1.5907 -0.2696 68.5800
v  3.4449 -1.3655 68.4522
v  3.3935 1.8077 68.8085
v  1.1471 0.1007 68.6523
v  2.8240 2.4567 68.9144
v  0.6443 0.3880 68.7242
v  2.1057 2.8938 69.0191
v  -0.0898 0.7030 68.8305
v  0.7846 3.5533 69.2010
v  2.8491 2.5593 68.6113
v  2.1271 3.0101 68.6887
v  0.7956 3.6769 68.8722
v  3.4812 -1.2820 68.1753
v  3.4212 1.8972 68.5329
v  3.9836 0.4070 68.3453
v  1.6184 -0.1800 68.3044
v  1.1721 0.2033 68.3492
v  0.6657 0.5043 68.3938
v  -0.0788 0.8266 68.5017
v  4.0866 0.6232 65.3014
v  1.9226 0.8029 65.2790
v  3.6327 -0.5997 65.1368
v  3.5676 2.6533 65.5062
v  1.4194 1.2146 65.3604
v  2.9322 3.3346 65.6211
v  0.8570 1.5433 65.4414
v  2.2448 3.9433 65.7357
v  0.1433 1.9928 65.6676
v  0.8936 4.5733 65.9340
v  2.9701 3.4723 65.2421
v  2.2762 4.0920 65.3431
v  0.9111 4.7317 65.5435
v  3.6894 -0.4816 64.7696
v  3.6115 2.7804 65.1410
v  4.1434 0.7414 64.9342
v  1.9665 0.9300 64.9137
v  1.4573 1.3523 64.9814
v  0.8884 1.6920 65.0488
v  0.1607 2.1512 65.2771
v  1.2264 -0.1393 75.2594
v  -0.0803 -2.1954 74.2197
v  0.2260 0.2974 75.3924
v  -0.5554 -1.9838 74.3033
v  -0.1235 -2.3292 74.4623
v  -0.5838 -2.1279 74.5437
v  1.1732 -0.2981 75.5329
v  0.1906 0.1263 75.6631
v  0.5576 -2.6360 74.1187
v  2.2368 -0.8383 75.1012
v  0.9902 -3.1949 74.0333
v  2.9936 -1.6224 74.9664
v  2.1619 -0.9851 75.3822
v  2.9005 -1.7567 75.2502
v  0.4964 -2.7599 74.3678
v  0.9140 -3.3085 74.2847
v  -25.9675 -34.5451 56.1583
v  -26.2428 -34.0589 56.1583
v  -25.2605 -34.2577 56.1583
v  -25.3705 -33.7493 56.1583
v  -24.5439 -33.7975 56.1583
v  -24.5555 -33.1953 56.1583
v  -9.3907 -15.8444 56.9518
v  -9.7795 -15.5572 56.9518
v  -26.2197 -34.0735 51.6833
v  -25.9559 -34.5305 51.6833
v  -25.3540 -33.7587 51.6833
v  -25.2524 -34.2539 51.6833
v  -24.5470 -33.1933 51.6833
v  -24.5411 -33.7963 51.6833
v  -9.7782 -15.5581 50.8898
v  -9.3970 -15.8398 50.8898
v  -9.8110 -15.5339 56.8756
v  -24.8969 -32.9755 55.1895
v  -24.5610 -33.1269 56.0820
v  -10.2991 -15.1733 55.6554
v  -24.9692 -32.9975 53.9715
v  -10.3280 -15.1519 53.9902
v  -24.9013 -32.9765 52.7937
v  -10.3008 -15.1721 52.3799
v  -24.5518 -33.1245 51.7595
v  -9.8091 -15.5353 50.9660
v  -24.5472 -33.8676 56.0820
v  -9.0266 -16.1135 55.6554
v  -9.3564 -15.8698 56.8756
v  -24.3747 -34.0971 55.1895
v  -8.9210 -16.1915 53.9902
v  -24.3909 -34.1249 53.9715
v  -9.0204 -16.1181 52.3799
v  -24.3757 -34.0985 52.7937
v  -9.3634 -15.8646 50.9660
v  -24.5448 -33.8661 51.7595
v  -25.5771 -33.5517 55.1895
v  -25.4154 -33.6558 56.0821
v  -25.6743 -33.5304 53.9715
v  -25.5822 -33.5536 52.7937
v  -25.3959 -33.6727 51.7595
v  -26.0069 -34.7352 55.1895
v  -25.9406 -34.6118 56.0821
v  -30.6775 -34.7973 55.1895
v  -26.0409 -34.8017 53.9715
v  -30.6775 -34.8880 53.9715
v  -26.0097 -34.7376 52.7937
v  -30.6775 -34.7744 52.7937
v  -25.9318 -34.5911 51.7595
v  -30.7515 -34.6905 52.7937
v  -30.7384 -34.2013 52.7937
v  -30.7384 -34.1197 53.9715
v  -25.2319 -34.3456 56.0821
v  -26.2847 -33.9956 56.0821
v  -25.2251 -34.3379 51.7595
v  -26.2610 -34.0154 51.7595
v  -30.6601 -34.1169 52.7937
v  -26.4776 -33.8996 52.7937
v  -26.5831 -33.8639 53.9715
v  -30.6601 -34.0065 53.9715
v  -26.4708 -33.9004 55.1895
v  -30.6601 -34.0940 55.1895
v  -30.7384 -34.1842 55.1895
v  -30.7515 -34.7755 53.9715
v  -30.7515 -34.7075 55.1895
v  -25.1649 -34.5346 52.7937
v  -25.1921 -34.5838 53.9715
v  -25.1629 -34.5327 55.1895
v  23.1173 -34.5451 56.1583
v  23.3926 -34.0589 56.1583
v  22.4103 -34.2577 56.1583
v  22.5203 -33.7493 56.1583
v  21.6937 -33.7975 56.1583
v  21.7053 -33.1953 56.1583
v  6.5405 -15.8444 56.9518
v  6.9293 -15.5572 56.9518
v  23.3695 -34.0735 51.6833
v  23.1057 -34.5305 51.6833
v  22.5038 -33.7587 51.6833
v  22.4022 -34.2539 51.6833
v  21.6968 -33.1933 51.6833
v  21.6909 -33.7963 51.6833
v  6.9280 -15.5581 50.8898
v  6.5468 -15.8398 50.8898
v  22.0467 -32.9755 55.1895
v  6.9608 -15.5339 56.8756
v  21.7108 -33.1269 56.0820
v  7.4489 -15.1733 55.6554
v  22.1190 -32.9975 53.9715
v  7.4778 -15.1519 53.9902
v  22.0511 -32.9765 52.7937
v  7.4506 -15.1721 52.3799
v  21.7016 -33.1245 51.7595
v  6.9589 -15.5353 50.9660
v  6.1764 -16.1135 55.6554
v  21.6970 -33.8676 56.0820
v  6.5062 -15.8698 56.8756
v  21.5245 -34.0971 55.1895
v  6.0708 -16.1915 53.9902
v  21.5407 -34.1249 53.9715
v  6.1702 -16.1181 52.3799
v  21.5255 -34.0985 52.7937
v  6.5132 -15.8646 50.9660
v  21.6946 -33.8661 51.7595
v  22.7270 -33.5517 55.1895
v  22.5652 -33.6558 56.0821
v  22.8241 -33.5304 53.9715
v  22.7320 -33.5536 52.7937
v  22.5457 -33.6727 51.7595
v  23.1567 -34.7352 55.1895
v  23.0904 -34.6118 56.0821
v  27.8273 -34.7973 55.1895
v  23.1907 -34.8017 53.9715
v  27.8273 -34.8880 53.9715
v  23.1595 -34.7376 52.7937
v  27.8273 -34.7744 52.7937
v  23.0816 -34.5911 51.7595
v  27.9013 -34.6905 52.7937
v  27.8882 -34.2013 52.7937
v  27.8882 -34.1197 53.9715
v  22.3817 -34.3456 56.0821
v  23.4345 -33.9956 56.0821
v  22.3749 -34.3379 51.7595
v  23.4108 -34.0154 51.7595
v  27.8099 -34.1169 52.7937
v  23.6274 -33.8996 52.7937
v  23.7329 -33.8639 53.9715
v  27.8099 -34.0065 53.9715
v  23.6206 -33.9004 55.1895
v  27.8099 -34.0940 55.1895
v  27.8882 -34.1842 55.1895
v  27.9013 -34.7075 55.1895
v  27.9013 -34.7755 53.9715
v  22.3147 -34.5346 52.7937
v  22.3419 -34.5838 53.9715
v  22.3127 -34.5327 55.1895
v  -2.7622 -30.5722 33.9893
v  -4.3902 -30.1000 34.7530
v  -3.9949 -30.1000 33.2777
v  -2.9669 -30.5722 34.7530
v  -3.9949 -30.1000 36.2284
v  -2.7622 -30.5722 35.5167
v  -2.9149 -30.1000 37.3084
v  -2.2032 -30.5722 36.0758
v  -1.4395 -30.1000 37.7038
v  -1.4395 -30.5722 36.2804
v  0.0359 -30.1000 37.3084
v  -0.6758 -30.5722 36.0758
v  1.1159 -30.1000 36.2284
v  -0.1167 -30.5722 35.5167
v  1.5112 -30.1000 34.7530
v  0.0880 -30.5722 34.7530
v  1.1159 -30.1000 33.2777
v  -0.1167 -30.5722 33.9893
v  0.0359 -30.1000 32.1976
v  -0.6758 -30.5722 33.4302
v  -1.4395 -30.1000 31.8023
v  -1.4395 -30.5722 33.2256
v  -2.9149 -30.1000 32.1976
v  -2.2032 -30.5722 33.4302
v  -6.4439 -18.4936 31.8637
v  -4.3902 -23.0845 29.6422
v  -6.5503 -23.0845 31.8023
v  -4.3288 -18.4936 29.7485
v  -1.4395 -23.0845 28.8516
v  -1.4395 -18.4936 28.9744
v  1.5112 -23.0845 29.6422
v  1.4498 -18.4936 29.7485
v  3.6713 -23.0845 31.8023
v  3.5650 -18.4936 31.8637
v  4.4620 -23.0845 34.7530
v  4.3392 -18.4936 34.7530
v  3.6713 -23.0845 37.7038
v  3.5650 -18.4936 37.6423
v  1.5112 -23.0845 39.8638
v  1.4498 -18.4936 39.7575
v  -1.4395 -23.0845 40.6545
v  -1.4395 -18.4936 40.5317
v  -4.3902 -23.0845 39.8638
v  -4.3288 -18.4936 39.7575
v  -6.5503 -23.0845 37.7038
v  -6.4439 -18.4936 37.6423
v  -7.3409 -23.0845 34.7530
v  -7.2182 -18.4936 34.7530
v  -10.0138 1.4862 13.9419
v  -9.6983 1.5502 12.1558
v  -9.9079 1.3406 12.1558
v  -9.8440 1.6560 13.9419
v  -10.4648 2.1071 13.9419
v  -9.5638 1.8143 12.1558
v  -9.7350 1.8700 13.9419
v  -9.5174 2.1071 12.1558
v  -9.6974 2.1071 13.9419
v  -9.5638 2.3999 12.1558
v  -9.7350 2.3443 13.9419
v  -7.1364 2.1071 36.2983
v  -6.6903 1.2933 35.8861
v  -6.5614 2.1071 36.0075
v  -7.2372 1.4710 36.2004
v  -7.0644 0.5591 35.5596
v  -7.5296 0.8971 35.9325
v  -7.6470 -0.0235 35.1227
v  -7.9850 0.4417 35.5607
v  -8.3812 -0.3976 34.6843
v  -8.5589 0.1492 35.1652
v  -9.1950 -0.5265 34.3259
v  -9.1950 0.0485 34.8124
v  -10.0089 -0.3976 34.2365
v  -9.8312 0.1492 34.7549
v  -10.7430 -0.0235 34.4811
v  -10.4050 0.4417 35.0160
v  -11.3257 0.5591 34.8035
v  -10.8604 0.8971 35.3312
v  -11.6459 1.2528 35.1661
v  -11.1034 1.4339 35.6547
v  -11.4992 1.8598 35.5591
v  -11.0213 1.9328 35.9520
v  -11.1983 2.5446 35.9367
v  -10.8151 2.4897 36.2004
v  -10.8242 3.2788 36.0954
v  -10.5227 3.0636 36.2983
v  -10.2416 3.8614 35.9367
v  -10.0672 3.5190 36.2004
v  -9.6794 4.3645 35.5591
v  -9.5989 3.8906 35.9498
v  -9.1412 4.7003 35.1581
v  -9.1456 4.1286 35.6475
v  -8.3812 4.6118 34.7945
v  -8.5589 4.0650 35.3227
v  -7.6470 4.2377 35.1227
v  -7.9850 3.7725 35.5607
v  -7.0644 3.6551 35.5596
v  -7.5296 3.3171 35.9325
v  -6.6903 2.9209 35.8861
v  -7.2372 2.7433 36.2004
v  -9.5014 2.1071 12.1414
v  -9.3358 2.4740 12.1414
v  -9.2777 2.1071 12.1414
v  -9.5486 2.4048 12.1414
v  -9.5044 2.8049 12.1414
v  -9.6854 2.6734 12.1414
v  -9.7671 3.0676 12.1414
v  -9.8985 2.8866 12.1414
v  -10.0980 3.2362 12.1414
v  -10.1671 3.0234 12.1414
v  -10.4648 3.2943 12.1414
v  -10.4648 3.0706 12.1414
v  -10.8317 3.2362 12.1414
v  -10.7626 3.0234 12.1414
v  -11.1627 3.0676 12.1414
v  -11.0312 2.8866 12.1414
v  -11.4253 2.8049 12.1414
v  -11.2443 2.6734 12.1414
v  -11.5939 2.4740 12.1414
v  -11.3812 2.4048 12.1414
v  -11.6520 2.1071 12.1414
v  -11.4284 2.1071 12.1414
v  -11.5939 1.7402 12.1414
v  -11.3812 1.8094 12.1414
v  -11.4253 1.4093 12.1414
v  -11.2443 1.5408 12.1414
v  -11.1627 1.1467 12.1414
v  -11.0312 1.3276 12.1414
v  -10.8317 0.9780 12.1414
v  -10.7626 1.1908 12.1414
v  -10.4648 0.9199 12.1414
v  -10.4648 1.1436 12.1414
v  -10.0980 0.9780 12.1414
v  -10.1671 1.1908 12.1414
v  -9.7671 1.1467 12.1414
v  -9.8985 1.3276 12.1414
v  -9.5044 1.4093 12.1414
v  -9.6854 1.5408 12.1414
v  -9.3358 1.7402 12.1414
v  -9.5486 1.8094 12.1414
v  -9.3132 1.7342 12.1529
v  -9.2543 2.1071 12.1529
v  -9.4843 1.3978 12.1532
v  -9.7509 1.1306 12.1535
v  -10.0870 0.9589 12.1540
v  -10.4598 0.8994 12.1546
v  -10.8328 0.9583 12.1552
v  -11.1695 1.1298 12.1556
v  -11.4368 1.3970 12.1558
v  -11.6083 1.7338 12.1559
v  -11.6672 2.1069 12.1559
v  -11.6080 2.4800 12.1559
v  -11.4364 2.8167 12.1559
v  -11.1692 3.0838 12.1557
v  -10.8327 3.2554 12.1553
v  -10.4599 3.3146 12.1547
v  -10.0870 3.2553 12.1541
v  -9.7509 3.0836 12.1535
v  -9.4843 2.8164 12.1532
v  -9.3132 2.4800 12.1529
v  -9.6983 2.6640 12.1558
v  -9.9079 2.8737 12.1558
v  -10.1721 3.0082 12.1558
v  -10.4648 3.0546 12.1558
v  -10.7577 3.0082 12.1558
v  -11.0218 2.8737 12.1558
v  -11.2314 2.6640 12.1558
v  -11.3660 2.3999 12.1558
v  -11.4124 2.1071 12.1558
v  -11.3660 1.8143 12.1558
v  -11.2314 1.5502 12.1558
v  -11.0218 1.3406 12.1558
v  -10.7577 1.2060 12.1558
v  -10.4648 1.1596 12.1558
v  -10.1721 1.2060 12.1558
v  5.3388 13.7312 -46.2904
v  1.5500 14.1350 -44.9991
v  -1.2466 14.3507 -44.0342
v  -4.3606 14.0977 -45.1223
v  -7.8483 13.7169 -46.3270
v  -1.4070 19.2369 -48.6321
v  -1.3621 19.2475 -48.4943
v  -1.3621 19.2262 -48.7699
v  -1.2445 19.2195 -48.8550
v  -1.0992 19.2195 -48.8550
v  -0.9817 19.2262 -48.7699
v  -0.9368 19.2369 -48.6321
v  -0.9817 19.2475 -48.4943
v  -1.0992 19.2542 -48.4092
v  -1.2445 19.2542 -48.4092
v  -1.6856 14.1364 -48.1345
v  -0.9756 14.3569 -47.1826
v  -1.3681 14.3569 -47.1826
v  -1.3681 14.0843 -48.3592
v  -0.9756 14.0843 -48.3592
v  -0.9547 16.2060 35.2644
v  -17.0397 -4.1083 44.4751
v  -17.0397 -4.1083 47.9735
v  -16.5611 -3.4349 44.4157
v  -16.5611 -3.4349 46.4495
v  -15.6182 -3.6733 44.5871
v  -15.6182 -3.6733 45.2036
v  -1.4154 -8.3039 81.7613
v  -1.6003 -8.2316 81.7611
v  -1.7556 -8.1166 81.7611
v  -1.8716 -7.9617 81.7609
v  -1.9393 -7.7794 81.7608
v  -1.9566 -7.5757 81.7606
v  -1.9228 -7.3701 81.7606
v  -1.8429 -7.1701 81.7604
v  -1.7227 -6.9987 81.7605
v  -1.5716 -6.8610 81.7604
v  -1.3990 -6.7772 81.7605
v  -1.4226 -5.7730 81.4730
v  -1.3173 -6.6802 81.7605
v  -1.2290 -5.6728 81.4730
v  -1.2222 -6.5800 81.7605
v  -1.0335 -5.7730 81.4730
v  -1.1262 -6.6802 81.7605
v  -0.8425 -5.8700 81.4730
v  -1.0324 -6.7772 81.7605
v  -0.8598 -6.8610 81.7604
v  -1.1310 -7.1074 81.7913
v  -1.2157 -7.5712 81.8176
v  -1.2230 -6.8964 81.7760
v  -1.3062 -7.0820 81.7894
v  -9.5691 -17.9773 32.9644
v  -9.5991 -17.9235 35.5687
v  -12.9069 -16.0881 36.5418
v  -14.8822 -13.4213 41.3295
v  -15.0622 -9.8897 44.2000
v  -14.4034 -5.8152 44.2045
v  -12.1496 -1.4470 49.4075
v  -9.4966 0.7869 57.6754
v  -4.1440 4.7365 6.9628
v  -4.5830 7.3393 21.3364
v  -4.6063 7.9855 32.0160
v  -4.8355 7.9704 32.9622
v  -4.5888 7.9287 35.5692
v  -8.2204 6.0158 35.5649
v  -2.2997 9.1610 49.3917
v  -3.1708 9.0640 49.3917
v  -5.2939 7.9240 49.3790
v  -0.1716 9.0923 41.3210
v  0.9221 8.9954 41.3210
v  1.5588 8.1488 36.5449
v  3.2494 7.8367 41.3219
v  5.7848 6.0101 36.5401
v  -3.8820 -1.1048 -13.9735
v  -4.4251 1.0919 -6.3142
v  -1.2484 -3.1360 -29.6376
v  -11.7957 -13.0246 7.0042
v  -9.1321 -12.0916 -6.2354
v  -6.6400 -12.7308 -13.8837
v  -5.4458 -11.3873 -21.4592
v  -3.7339 -11.4543 -29.5421
v  -1.8424 -12.1019 -33.2931
v  -3.5119 -4.5313 -35.8337
v  -2.3596 -3.8222 -35.8462
v  -2.2619 -3.9242 -43.8974
v  -3.5522 -4.5101 -34.5855
v  -3.6652 -4.4757 -33.2931
v  -4.3405 -5.4384 -33.2931
v  -4.7666 -5.3860 -29.6227
v  -5.3446 -6.5467 -29.6069
v  -5.4024 -4.8425 -21.5288
v  -6.1011 -6.2812 -21.5106
v  -7.3581 -6.0389 -13.9241
v  -7.9070 -8.0053 -13.9116
v  -8.7359 -5.2941 -6.2616
v  -1.3182 -33.4246 -45.5096
v  -1.4257 -33.3003 -45.6119
v  -1.4300 -33.1538 -45.0516
v  -1.3206 -33.2883 -44.8658
v  -1.9654 -9.8133 -50.4229
v  -2.7798 -9.5880 -50.3797
v  -3.4273 -9.1633 -50.3619
v  -4.1888 -9.4821 -44.9930
v  -3.8455 -8.5373 -50.3955
v  -4.4053 -8.4492 -45.0554
v  -4.0395 -7.7706 -50.4503
v  -4.4089 -7.3506 -45.0962
v  -4.0451 -6.9580 -50.4887
v  -4.2133 -6.3214 -45.1135
v  -3.8775 -6.2122 -50.5050
v  -3.8290 -5.3997 -45.1303
v  -3.5409 -5.5517 -50.5208
v  -3.2773 -4.5876 -45.1582
v  -3.0599 -5.0220 -50.5458
v  -2.4699 -4.5766 -50.5597
v  -1.8399 -4.3057 -50.5453
v  -1.2157 -7.0908 -52.0091
v  -0.8415 -7.8828 -51.9098
v  -0.6288 -7.6867 -51.9261
v  -1.1347 -6.6792 -51.9904
v  -1.3023 -6.6574 -51.9890
v  -9.6103 -17.9034 36.5434
v  -9.6653 -17.8048 41.3155
v  -12.9807 -15.9763 41.3113
v  -12.6607 -15.8718 44.1861
v  -14.5052 -13.2591 44.1937
v  -13.8260 -12.9668 49.3561
v  -14.3530 -9.7453 49.3928
v  -13.5362 -10.0622 55.6394
v  -13.6980 -5.8646 49.3655
v  -12.9529 -6.9620 55.6846
v  -11.4751 -2.7606 55.6441
v  -10.0760 -3.9767 61.1689
v  -8.3992 0.2314 61.1597
v  -6.0825 -15.3633 69.1561
v  -6.6677 -16.1300 65.6287
v  -7.9752 -13.9575 69.1570
v  -8.7901 -14.6484 65.6336
v  -9.2395 -12.0617 69.1537
v  -10.1328 -12.6471 65.6275
v  -9.8037 -9.7634 69.1519
v  -10.6497 -10.2271 65.6247
v  -9.6900 -7.1364 69.1497
v  -10.4020 -7.4540 65.6169
v  -8.9769 -4.2793 69.1560
v  -9.4835 -4.2538 65.6302
v  -7.8067 -1.4242 69.1621
v  -8.1022 -0.9153 65.6367
v  -5.4104 -14.1999 72.3966
v  -7.0526 -12.9282 72.3956
v  -8.1875 -11.2255 72.3946
v  -8.7477 -9.1598 72.3929
v  -8.7300 -6.8367 72.3931
v  -8.1903 -4.3710 72.3949
v  -7.2238 -1.9731 72.3990
v  -4.7503 -13.0826 75.3678
v  -6.1434 -11.9879 75.3675
v  -7.1311 -10.5165 75.3657
v  -7.6476 -8.7515 75.3654
v  -7.6859 -6.7703 75.3644
v  -7.2760 -4.7142 75.3661
v  -6.4878 -2.7179 75.3672
v  -4.1555 -12.0737 77.3854
v  -5.3249 -11.1498 77.3843
v  -6.1642 -9.9234 77.3839
v  -6.6248 -8.4426 77.3827
v  -6.6871 -6.8088 77.3828
v  -6.3754 -5.1051 77.3824
v  -5.7335 -3.4827 77.3837
v  -3.5075 -11.1126 79.0269
v  -4.4228 -10.3984 79.0266
v  -5.0908 -9.4393 79.0256
v  -5.4645 -8.3002 79.0254
v  -5.5338 -7.0293 79.0245
v  -5.3051 -5.7314 79.0249
v  -4.8144 -4.4755 79.0245
v  -4.1049 -3.3880 79.0254
v  -3.2322 -2.5276 79.0253
v  2.0337 -8.5171 -43.7822
v  1.8136 -9.5633 -43.7222
v  2.3986 -8.7131 -35.7512
v  2.1564 -9.7666 -35.7051
v  2.4716 -8.7906 -34.5063
v  2.2251 -9.8593 -34.4631
v  2.6668 -8.8241 -33.2931
v  2.4048 -9.8931 -33.2931
v  3.2652 -8.9267 -29.5742
v  2.9798 -10.0011 -29.5483
v  4.1185 -9.1228 -21.4822
v  3.7872 -10.3867 -21.4669
v  5.5814 -9.8567 -13.9001
v  5.1806 -11.4364 -13.8895
v  7.1788 -10.1650 -6.2412
v  6.7007 -12.0916 -6.2354
v  9.3643 -13.0246 7.0042
v  7.8460 -15.0416 7.0016
v  11.8589 -13.7069 21.3531
v  10.0161 -16.2275 21.3571
v  12.2973 -13.6327 32.0274
v  10.4054 -16.1941 32.0199
v  12.3129 -13.6112 32.9732
v  10.4201 -16.1719 32.9646
v  12.3559 -13.5520 35.5791
v  10.4604 -16.1109 35.5675
v  12.3720 -13.5298 36.5544
v  10.4755 -16.0881 36.5418
v  12.4508 -13.4213 41.3295
v  10.5494 -15.9763 41.3113
v  12.0739 -13.2591 44.1937
v  10.2293 -15.8718 44.1861
v  11.3946 -12.9668 49.3561
v  9.6524 -15.6833 49.3677
v  8.9809 -15.3850 55.6215
v  6.1092 -17.2063 55.6297
v  5.0160 -16.5700 61.1545
v  4.2364 -16.1300 65.6287
v  3.6511 -15.3633 69.1561
v  2.9790 -14.1999 72.3966
v  2.3189 -13.0826 75.3678
v  1.7242 -12.0737 77.3854
v  1.0762 -11.1126 79.0269
v  0.5060 -10.2829 80.1442
v  -0.6403 -4.8089 80.9433
v  -0.4912 -6.0521 81.4732
v  -0.0975 -5.0833 80.9429
v  -0.1826 -6.3273 81.4730
v  0.3798 -5.5309 80.9432
v  0.0625 -6.6901 81.4732
v  0.7619 -6.0913 80.9429
v  0.2274 -7.0951 81.4731
v  1.0190 -6.7427 80.9433
v  0.2965 -7.5270 81.4735
v  1.1311 -7.4139 80.9433
v  0.2636 -7.9412 81.4736
v  1.0812 -8.0765 80.9439
v  0.1247 -8.3224 81.4741
v  0.8702 -8.6702 80.9440
v  -0.1103 -8.6380 81.4742
v  -1.0159 -8.3039 81.7613
v  -0.8311 -8.2316 81.7611
v  -0.6757 -8.1166 81.7611
v  -0.5598 -7.9617 81.7609
v  -0.4921 -7.7794 81.7608
v  -0.4747 -7.5757 81.7606
v  -0.5086 -7.3701 81.7606
v  -0.5885 -7.1701 81.7604
v  -0.7087 -6.9987 81.7605
v  5.1850 5.8647 49.3944
v  5.9679 0.2314 61.1597
v  5.6708 -0.9153 65.6367
v  5.3753 -1.4242 69.1621
v  4.7925 -1.9731 72.3990
v  1.6836 -10.7392 -34.4367
v  1.8339 -10.7682 -33.2931
v  -0.5890 -12.1019 -33.2931
v  1.3026 -11.4543 -29.5421
v  1.7946 -12.0829 -21.4640
v  2.6470 -13.6134 -13.8871
v  3.5760 -14.7926 -6.2335
v  2.3277 -10.8634 -29.5334
v  3.0145 -11.3873 -21.4592
v  4.2087 -12.7308 -13.8837
v  5.5104 -13.7056 -6.2311
v  5.2765 -16.4806 7.0021
v  6.8422 -17.9647 21.3511
v  7.1269 -17.9969 32.0191
v  7.1378 -17.9773 32.9644
v  7.1678 -17.9235 35.5687
v  7.1790 -17.9034 36.5434
v  7.2340 -17.8048 41.3155
v  7.0036 -17.7104 44.1807
v  6.5884 -17.5403 49.3450
v  1.3339 -10.4165 -43.6862
v  -0.0248 -11.5097 -43.7073
v  1.6253 -10.6327 -35.6772
v  0.1101 -11.7358 -35.6931
v  -1.0014 -33.1538 -45.0516
v  -1.1131 -33.4246 -45.5096
v  -1.0057 -33.3003 -45.6119
v  -1.1108 -33.2883 -44.8658
v  -0.0143 -5.7887 -51.5958
v  0.2975 -6.1300 -51.5795
v  0.5132 -6.5427 -51.5694
v  0.6208 -7.0254 -51.5588
v  0.6161 -7.5535 -51.5358
v  0.4897 -8.0524 -51.5012
v  0.2153 -8.4700 -51.4786
v  -0.2162 -8.7547 -51.4863
v  -0.4944 -6.8845 -51.9587
v  -0.4498 -7.0848 -51.9534
v  -0.5838 -6.7131 -51.9635
v  -0.7123 -6.5779 -51.9693
v  -0.5071 -7.5112 -51.9338
v  -0.4521 -7.3012 -51.9453
v  -2.7366 0.2686 71.6708
v  -2.0589 0.3655 71.6708
v  -1.2699 0.4657 71.6708
v  -0.4729 0.3655 71.6708
v  0.3052 0.2686 71.6708
v  1.7813 -0.6798 71.6680
v  5.7890 6.0158 35.5649
v  2.2726 7.9287 35.5692
v  5.8004 6.0308 32.9595
v  2.4042 7.9704 32.9622
v  5.8045 6.0362 32.0138
v  2.1750 7.9855 32.0160
v  5.7229 5.3097 21.3393
v  2.1516 7.3393 21.3364
v  1.7126 4.7365 6.9628
v  0.3476 2.0295 -6.2924
v  0.0894 -0.3556 -13.9538
v  -0.1434 -2.1261 -21.5398
v  -0.2984 -3.1360 -29.6376
v  -0.6002 -3.3094 -33.2931
v  0.9324 10.0273 21.3409
v  -0.1666 10.4048 21.3409
v  -1.2923 10.5951 21.3409
v  -1.5924 2.1442 -46.2581
v  -1.7599 -2.8979 -45.2715
v  -1.5982 2.1617 -45.4472
v  -1.7683 -2.9010 -44.3862
v  -1.8264 -2.8293 -36.7718
v  -1.8306 -2.7959 -34.9734
v  -1.5201 -2.3363 -34.2005
v  -1.3845 -2.2393 -34.2005
v  -1.4386 -20.1605 -47.5073
v  -0.9928 -20.1605 -47.5073
v  -1.3818 -26.7471 -48.5582
v  -1.0495 -26.7471 -48.5582
v  -1.4739 -20.4309 -37.8084
v  -0.8814 -13.1053 -33.9527
v  -0.9574 -20.4309 -37.8084
v  -0.5325 -12.8174 -34.6503
v  -0.6879 -20.1896 -38.3504
v  -0.5462 -13.2602 -36.6984
v  -0.6984 -20.1802 -39.7206
v  -0.6114 -13.2867 -44.3612
v  -0.7429 -20.0605 -46.1193
v  -0.6231 -13.1843 -45.5125
v  -0.7531 -19.9567 -47.0617
v  -4.2450 -9.5633 -43.7222
v  -4.4651 -8.5171 -43.7822
v  -4.4671 -7.4003 -43.8216
v  -4.2662 -6.3493 -43.8384
v  -3.8727 -5.4053 -43.8547
v  -3.3104 -4.5690 -43.8826
v  11.9216 -9.7453 49.3928
v  12.6308 -9.8897 44.2000
v  13.0242 -9.9697 41.3190
v  12.9541 -10.1237 36.5488
v  12.9398 -10.1551 35.5744
v  12.9015 -10.2392 32.9711
v  12.8876 -10.2697 32.0262
v  12.4586 -10.5140 21.3630
v  9.9036 -10.3938 7.0000
v  7.0062 -7.8033 -6.2504
v  5.4756 -8.0053 -13.9116
v  4.0770 -7.7446 -21.4966
v  3.2382 -7.7539 -29.5939
v  2.6571 -7.6553 -33.2931
v  2.4622 -7.6222 -34.5341
v  2.3910 -7.5656 -35.7809
v  2.0357 -7.4003 -43.8216
v  1.8349 -6.3493 -43.8384
v  2.1583 -6.4599 -35.7948
v  2.2230 -6.4918 -34.5471
v  2.3982 -6.5057 -33.2931
v  2.9133 -6.5467 -29.6069
v  3.6698 -6.2812 -21.5101
v  4.9267 -6.0389 -13.9241
v  6.3045 -5.2941 -6.2616
v  9.5914 -7.2932 7.0000
v  11.2666 -5.8646 49.3655
v  11.9721 -5.8152 44.2045
v  12.3634 -5.7879 41.3412
v  12.3134 -5.9215 36.5628
v  12.3032 -5.9487 35.5868
v  12.2759 -6.0217 32.9791
v  12.2660 -6.0481 32.0326
v  11.8927 -6.3848 21.3528
v  3.9862 -4.0893 -13.9423
v  2.9711 -4.8425 -21.5288
v  2.3352 -5.3860 -29.6227
v  1.9091 -5.4384 -33.2931
v  1.7619 -5.4566 -34.5615
v  1.7084 -5.4503 -35.8092
v  1.4413 -5.4053 -43.8547
v  -0.8613 -26.7185 -47.4425
v  -0.8708 -26.6130 -48.1448
v  -0.8727 6.8587 -39.1262
v  -1.0458 7.3600 -38.5357
v  -1.1417 12.2565 -40.6227
v  -1.4266 2.6846 -36.4180
v  -1.6417 2.2069 -37.1113
v  -1.6478 2.1875 -38.7085
v  -1.5229 6.8909 -46.4016
v  -1.5182 6.8888 -47.0838
v  -1.1245 2.6419 -46.8212
v  -1.1424 7.3905 -47.6945
v  -1.1506 11.7085 -48.5505
v  -1.5618 -4.1779 -50.5453
v  -1.2830 6.3714 6.9782
v  -1.2714 2.5973 -6.2924
v  -1.2622 0.2122 -13.9538
v  -1.2539 -2.1261 -21.5398
v  -7.9888 5.9406 44.1976
v  -5.5427 7.8679 44.1969
v  -3.2882 9.0198 44.2009
v  -2.3649 9.1168 44.2009
v  -1.2896 9.2170 44.2009
v  -0.9347 -4.7119 80.9433
v  -1.2362 -4.6118 80.9433
v  -1.5347 -4.7119 80.9433
v  -0.9151 -3.2123 -33.2931
v  -0.7677 -3.0391 -29.6376
v  -0.6920 -2.0290 -21.5398
v  -0.5783 0.0219 -13.9538
v  -0.4522 2.4070 -6.2924
v  -0.2934 6.1812 6.9782
v  0.8569 9.0198 44.2009
v  -0.2035 9.1168 44.2009
v  1.9979 -8.1840 80.1424
v  3.0331 -8.3002 79.0254
v  2.0583 -7.2510 80.1423
v  3.1024 -7.0293 79.0245
v  1.8967 -6.2802 80.1417
v  2.8738 -5.7314 79.0249
v  1.5311 -5.3645 80.1420
v  2.3831 -4.4755 79.0245
v  0.9969 -4.5487 80.1417
v  0.3318 -3.9258 80.1423
v  -0.4200 -3.5184 80.1420
v  -0.8271 -3.4214 80.1420
v  -1.2440 -3.3212 80.1420
v  -1.6569 -3.4214 80.1420
v  -1.9330 14.7024 -44.1068
v  -1.9330 14.7883 -43.2581
v  -0.4330 14.7024 -44.1068
v  -0.4330 14.7883 -43.2581
v  -0.3409 14.6897 -44.1544
v  -0.3409 14.7860 -43.2015
v  -1.8969 4.3164 -2.6256
v  -1.7584 4.2106 -3.0384
v  -1.3959 4.1451 -3.2935
v  -0.9478 4.1451 -3.2935
v  -0.5853 4.2106 -3.0384
v  -0.4468 4.3164 -2.6256
v  -0.7743 4.4215 -1.3893
v  12.0865 -7.6289 19.3146
v  12.0637 -7.9293 19.2980
v  12.0478 -7.3134 19.3460
v  11.8926 -7.1002 18.9736
v  11.5102 -7.0637 16.6130
v  11.3768 -7.2316 15.7695
v  11.2776 -7.5288 15.5808
v  11.3574 -7.8460 15.6066
v  11.4841 -8.0580 16.0735
v  11.8908 -8.0956 18.5846
v  -14.2772 -8.0956 18.5846
v  -14.4501 -7.9293 19.2980
v  -13.8705 -8.0580 16.0735
v  -13.7438 -7.8460 15.6066
v  -13.6640 -7.5288 15.5808
v  -13.7632 -7.2316 15.7695
v  -13.8966 -7.0637 16.6130
v  -14.2790 -7.1002 18.9736
v  -14.4342 -7.3134 19.3460
v  -14.4729 -7.6289 19.3146
v  -15.1358 -8.2314 77.0030
v  -15.9965 -8.4620 77.0030
v  -14.5057 -7.6013 77.0030
v  -14.2751 -6.7406 77.0030
v  -14.5057 -5.8798 77.0030
v  -15.1358 -5.2497 77.0030
v  -15.9965 -5.0191 77.0030
v  -16.8573 -5.2497 77.0030
v  -17.4874 -5.8798 77.0030
v  -17.7180 -6.7406 77.0030
v  -17.4874 -7.6013 77.0030
v  -16.8573 -8.2314 77.0030
v  -15.2248 -8.0772 78.6774
v  -15.9965 -8.2840 78.6774
v  -14.6599 -7.5123 78.6774
v  -14.4531 -6.7406 78.6774
v  -14.6599 -5.9689 78.6774
v  -15.2248 -5.4039 78.6774
v  -15.9965 -5.1971 78.6774
v  -16.7683 -5.4039 78.6774
v  -17.3332 -5.9689 78.6774
v  -17.5400 -6.7406 78.6774
v  -17.3332 -7.5123 78.6774
v  -16.7683 -8.0772 78.6774
v  -15.3664 -7.8319 80.1152
v  -15.9965 -8.0008 80.1152
v  -14.9052 -7.3707 80.1152
v  -14.7363 -6.7406 80.1152
v  -14.9052 -6.1104 80.1152
v  -15.3664 -5.6492 80.1152
v  -15.9965 -5.4804 80.1152
v  -16.6266 -5.6492 80.1152
v  -17.0879 -6.1104 80.1152
v  -17.2568 -6.7406 80.1152
v  -17.0879 -7.3707 80.1152
v  -16.6266 -7.8319 80.1152
v  -15.9965 -6.7406 82.1486
v  -15.9965 -6.7406 3.5138
v  0.5095 2.0327 64.9038
v  1.0536 4.7874 65.5519
v  0.7108 3.3557 61.0963
v  0.3480 0.9461 68.2895
v  0.4885 1.8946 65.3013
v  0.3323 0.8400 68.6239
v  -5.6124 -29.3487 34.7530
v  -5.0534 -29.3487 32.6665
v  -5.0534 -29.3487 36.8395
v  -3.5260 -29.3487 38.3669
v  -1.4395 -29.3487 38.9260
v  0.6470 -29.3487 38.3669
v  2.1744 -29.3487 36.8395
v  2.7335 -29.3487 34.7530
v  2.1744 -29.3487 32.6665
v  0.6470 -29.3487 31.1391
v  -1.4395 -29.3487 30.5801
v  -3.5260 -29.3487 31.1391
v  -6.5503 -28.3697 34.7530
v  -5.8656 -28.3697 32.1976
v  -5.8656 -28.3697 37.3084
v  -3.9949 -28.3697 39.1791
v  -1.4395 -28.3697 39.8638
v  1.1159 -28.3697 39.1791
v  2.9866 -28.3697 37.3084
v  3.6713 -28.3697 34.7530
v  2.9866 -28.3697 32.1976
v  1.1159 -28.3697 30.3269
v  -1.4395 -28.3697 29.6422
v  -3.9949 -28.3697 30.3269
v  -7.1398 -27.2295 34.7530
v  -6.3762 -27.2295 31.9028
v  -6.3762 -27.2295 37.6032
v  -4.2897 -27.2295 39.6897
v  -1.4395 -27.2295 40.4534
v  1.4107 -27.2295 39.6897
v  3.4972 -27.2295 37.6032
v  4.2609 -27.2295 34.7530
v  3.4972 -27.2295 31.9028
v  1.4107 -27.2295 29.8164
v  -1.4395 -27.2295 29.0526
v  -4.2897 -27.2295 29.8164
v  -7.3409 -26.0060 34.7530
v  -6.5503 -26.0060 31.8023
v  -6.5503 -26.0060 37.7038
v  -4.3902 -26.0060 39.8638
v  -1.4395 -26.0060 40.6545
v  1.5112 -26.0060 39.8638
v  3.6713 -26.0060 37.7038
v  4.4620 -26.0060 34.7530
v  3.6713 -26.0060 31.8023
v  1.5112 -26.0060 29.6422
v  -1.4395 -26.0060 28.8516
v  -4.3902 -26.0060 29.6422
v  -1.4395 -30.7333 34.7530
v  -9.0484 2.5251 12.5033
v  -8.9823 2.1071 12.5053
v  -9.2403 2.9022 12.4978
v  -9.5392 3.2017 12.4908
v  -9.9161 3.3942 12.4856
v  -10.3337 3.4602 12.4933
v  -10.7466 3.3901 12.5023
v  -11.1201 3.1950 12.5107
v  -11.4196 2.8955 12.5142
v  -11.6118 2.5182 12.5109
v  -11.6819 2.1028 12.5030
v  -11.6210 1.6884 12.4946
v  -11.4291 1.3112 12.4873
v  -11.1295 1.0117 12.4825
v  -10.7521 0.8195 12.4789
v  -10.3340 0.7535 12.4798
v  -9.9161 0.8200 12.4844
v  -9.5392 1.0125 12.4908
v  -9.2403 1.3119 12.4978
v  -9.0484 1.6891 12.5033
v  -10.2277 1.3772 13.9419
v  -10.4648 1.3396 13.9419
v  -10.7020 1.3772 13.9419
v  -9.8440 2.5582 13.9419
v  -10.0138 2.7280 13.9419
v  -10.2277 2.8370 13.9419
v  -10.7020 2.8370 13.9419
v  -10.4648 2.8746 13.9419
v  -10.9159 2.7280 13.9419
v  -11.0858 2.5582 13.9419
v  -11.1947 2.3443 13.9419
v  -9.1950 2.1071 35.9062
v  -6.5086 1.2343 35.5506
v  -6.3704 2.1071 35.6767
v  -6.9098 0.4468 35.2150
v  -7.5347 -0.1781 34.7687
v  -8.3221 -0.5792 34.3329
v  -9.1950 -0.7175 33.9900
v  -10.0679 -0.5792 33.9002
v  -10.8553 -0.1781 34.1257
v  -11.4802 0.4468 34.4358
v  -11.8349 1.1994 34.7973
v  -11.6818 1.8535 35.2478
v  -11.3546 2.5845 35.6767
v  -10.9534 3.3720 35.8586
v  -10.3285 3.9969 35.6767
v  -9.7301 4.5399 35.2437
v  -9.1486 4.8969 34.7892
v  -8.3221 4.7935 34.4270
v  -7.5347 4.3923 34.7687
v  -6.9098 3.7674 35.2150
v  -6.5086 2.9799 35.5506
v  -6.3260 1.1749 34.6833
v  -6.1784 2.1071 34.8061
v  -6.7545 0.3339 34.3585
v  -7.4219 -0.3334 33.9387
v  -8.2628 -0.7619 33.5418
v  -9.1950 -0.9096 33.2483
v  -10.1272 -0.7619 33.1718
v  -10.9681 -0.3334 33.3537
v  -11.6356 0.3339 33.6226
v  -12.0400 1.1569 34.0327
v  -11.8964 1.8704 34.5133
v  -11.5373 2.6439 34.9704
v  -11.1088 3.4849 35.1587
v  -10.4414 4.1522 34.9704
v  -9.8119 4.7394 34.5079
v  -9.1710 5.1057 34.0191
v  -8.2628 4.9761 33.6148
v  -7.4219 4.5476 33.9387
v  -6.7545 3.8803 34.3585
v  -6.3260 3.0393 34.6833
v  -6.6432 1.2789 15.6855
v  -6.5121 2.1069 15.7071
v  -7.0238 0.5320 15.6284
v  -7.6166 -0.0608 15.5547
v  -8.3635 -0.4414 15.4850
v  -9.1915 -0.5725 15.4335
v  -10.0195 -0.4414 15.4200
v  -10.7664 -0.0608 15.4520
v  -11.3592 0.5320 15.4992
v  -11.7356 1.2757 15.5713
v  -11.8156 2.0654 15.6556
v  -11.6473 2.8654 15.7359
v  -11.2667 3.6124 15.7690
v  -10.6739 4.2051 15.7359
v  -9.9641 4.6137 15.6547
v  -9.1873 4.7832 15.5688
v  -8.3635 4.6552 15.4978
v  -7.6166 4.2746 15.5547
v  -7.0238 3.6818 15.6284
v  -6.6432 2.9349 15.6855
v  -11.2323 2.1071 13.9419
v  -11.1947 1.8700 13.9419
v  -11.0858 1.6560 13.9419
v  -10.9159 1.4862 13.9419
v  -8.2086 2.1070 13.5081
v  -8.2951 1.5606 13.4999
v  -8.5461 1.0677 13.4783
v  -8.9370 0.6763 13.4504
v  -9.4298 0.4249 13.4242
v  -9.9762 0.3382 13.4049
v  -10.5227 0.4246 13.4001
v  -11.0158 0.6758 13.4125
v  -11.4072 1.0672 13.4307
v  -11.6569 1.5591 13.4582
v  -11.7238 2.0911 13.4904
v  -11.6229 2.6270 13.5210
v  -11.3717 3.1201 13.5336
v  -10.9804 3.5114 13.5209
v  -10.5015 3.7733 13.4897
v  -9.9746 3.8746 13.4565
v  -9.4298 3.7891 13.4291
v  -8.9370 3.5377 13.4504
v  -8.5461 3.1464 13.4783
v  -8.2951 2.6534 13.4999
v  -7.1519 2.1070 14.8717
v  -7.2695 1.3640 14.8553
v  -7.6110 0.6936 14.8120
v  -8.1429 0.1616 14.7561
v  -8.8131 -0.1801 14.7032
v  -9.5561 -0.2979 14.6642
v  -10.2993 -0.1802 14.6542
v  -10.9697 0.1613 14.6786
v  -11.5018 0.6934 14.7145
v  -11.8401 1.3614 14.7693
v  -11.9189 2.0754 14.8334
v  -11.7729 2.7973 14.8945
v  -11.4313 3.4677 14.9196
v  -10.8993 3.9998 14.8944
v  -10.2572 4.3626 14.8326
v  -9.5530 4.5095 14.7671
v  -8.8131 4.3942 14.7130
v  -8.1429 4.0525 14.7561
v  -7.6110 3.5204 14.8120
v  -7.2695 2.8501 14.8553
v  -1.1719 19.2369 -48.6321
v  -10.8430 -3.4356 6.9899
v  -12.7840 -1.4587 21.3570
v  -13.0479 -0.7368 32.0244
v  -13.0517 -0.7210 32.9694
v  -11.7260 -10.3726 61.1608
v  -11.3084 -12.8853 61.1552
v  -13.0576 -12.9713 55.6594
v  -9.8962 -15.0168 61.1768
v  -11.4122 -15.3850 55.6215
v  -8.5406 -17.2063 55.6297
v  -9.0197 -17.5403 49.3450
v  -4.2260 -12.0829 -21.4640
v  -5.0784 -13.6134 -13.8871
v  -7.9418 -13.7056 -6.2311
v  -10.2774 -15.0416 7.0016
v  -14.2903 -13.7069 21.3531
v  -14.7287 -13.6327 32.0274
v  -12.4475 -16.2275 21.3571
v  -7.7079 -16.4806 7.0021
v  -6.0074 -14.7926 -6.2335
v  -7.4474 -16.5700 61.1545
v  0.6727 5.8037 6.9782
v  -11.3052 -7.6037 61.1250
v  -12.0837 -15.6833 49.3677
v  -9.4349 -17.7104 44.1807
v  -6.5084 -7.7446 -21.4966
v  -5.6696 -7.7539 -29.5939
v  -4.8296 -6.5057 -33.2931
v  -4.1932 -5.4566 -34.5615
v  -4.1398 -5.4503 -35.8092
v  -4.5878 -9.7666 -35.7051
v  -4.9030 -8.7906 -34.5063
v  -5.0982 -8.8241 -33.2931
v  -5.6966 -8.9267 -29.5742
v  -5.0885 -7.6553 -33.2931
v  -4.6543 -6.4918 -34.5471
v  -4.5896 -6.4599 -35.7948
v  -4.8299 -8.7131 -35.7512
v  -4.8935 -7.6222 -34.5341
v  -4.8224 -7.5656 -35.7809
v  6.5455 -4.2793 69.1560
v  7.0522 -4.2538 65.6302
v  7.9706 -7.4540 65.6169
v  6.3163 -9.1598 72.3929
v  5.2546 -6.7703 75.3644
v  3.9440 -5.1051 77.3824
v  5.2163 -8.7515 75.3654
v  4.2557 -6.8088 77.3828
v  4.1934 -8.4426 77.3827
v  11.6262 -7.2853 16.9412
v  11.8707 -7.3071 18.4508
v  11.5034 -7.3779 16.1435
v  11.4700 -7.5463 15.8821
v  11.4796 -7.7236 15.8731
v  11.5986 -7.8451 16.5570
v  11.8627 -7.8677 18.1886
v  12.0033 -7.7758 19.0540
v  12.0390 -7.6075 19.1840
v  12.0006 -7.4290 19.1255
v  11.7469 -7.5766 17.5801
v  -14.2571 -7.3071 18.4508
v  -14.0126 -7.2853 16.9412
v  -13.8899 -7.3779 16.1435
v  -13.8564 -7.5463 15.8821
v  -13.8660 -7.7236 15.8731
v  -13.9850 -7.8451 16.5570
v  -14.2491 -7.8677 18.1886
v  -14.3897 -7.7758 19.0540
v  -14.4254 -7.6075 19.1840
v  -14.3870 -7.4290 19.1255
v  -14.1333 -7.5766 17.5801