f 1 2 3 
f 4 5 6 
f 7 8 9 
f 10 11 12 
f 13 14 15 
f 16 14 13 
f 17 18 19 
f 20 21 22 
f 23 21 20 
f 23 24 21 
f 25 24 23 
f 25 26 24 
f 27 26 25 
f 28 29 30 
f 31 32 33 
f 34 35 36 
f 37 38 39 
f 40 41 42 
f 43 44 45 
f 46 47 48 
f 49 50 51 
f 52 53 54 
f 55 56 57 
f 58 59 60 
f 58 61 59 
f 62 61 58 
f 63 64 65 
f 66 64 63 
f 66 67 64 
f 68 67 66 
f 68 69 67 
f 70 69 68 
f 70 71 69 
f 72 71 70 
f 72 73 71 
f 74 73 72 
f 74 75 73 
f 76 75 74 
f 77 74 72 
f 77 78 74 
f 79 78 77 
f 79 80 78 
f 59 80 79 
f 59 81 80 
f 61 81 59 
f 76 82 75 
f 83 82 76 
f 83 84 82 
f 81 84 83 
f 81 62 84 
f 61 62 81 
f 85 86 87 
f 85 88 86 
f 89 88 85 
f 89 90 88 
f 91 90 89 
f 91 92 90 
f 60 92 91 
f 60 79 92 
f 59 79 60 
f 93 87 94 
f 93 85 87 
f 95 85 93 
f 95 89 85 
f 96 89 95 
f 96 91 89 
f 97 91 96 
f 97 60 91 
f 58 60 97 
f 98 99 100 
f 98 101 99 
f 102 101 98 
f 102 103 101 
f 104 103 102 
f 104 105 103 
f 106 105 104 
f 106 107 105 
f 108 107 106 
f 108 109 107 
f 110 109 108 
f 110 111 109 
f 112 99 101 
f 72 113 77 
f 70 113 72 
f 70 114 113 
f 68 114 70 
f 68 115 114 
f 66 115 68 
f 66 116 115 
f 63 116 66 
f 117 118 119 
f 117 120 118 
f 121 120 117 
f 121 122 120 
f 123 122 121 
f 123 124 122 
f 125 124 123 
f 125 126 124 
f 127 126 125 
f 127 128 126 
f 129 128 127 
f 130 129 127 
f 130 131 129 
f 100 131 130 
f 100 132 131 
f 99 132 100 
f 99 133 132 
f 112 133 99 
f 134 101 103 
f 135 101 134 
f 135 112 101 
f 133 112 135 
f 103 136 134 
f 105 136 103 
f 105 137 136 
f 107 137 105 
f 138 109 111 
f 139 109 138 
f 139 107 109 
f 137 107 139 
f 63 140 116 
f 65 140 63 
f 65 141 140 
f 138 141 65 
f 138 110 141 
f 111 110 138 
f 142 87 86 
f 142 94 87 
f 143 94 142 
f 143 118 94 
f 144 118 143 
f 144 119 118 
f 120 94 118 
f 120 93 94 
f 122 93 120 
f 122 95 93 
f 124 95 122 
f 124 96 95 
f 126 96 124 
f 126 97 96 
f 128 97 126 
f 128 58 97 
f 62 58 128 
f 129 62 128 
f 65 139 138 
f 64 139 65 
f 64 137 139 
f 67 137 64 
f 67 136 137 
f 69 136 67 
f 69 134 136 
f 71 134 69 
f 71 135 134 
f 73 135 71 
f 73 133 135 
f 75 133 73 
f 145 146 147 
f 145 148 146 
f 149 148 145 
f 149 150 148 
f 151 150 149 
f 151 152 150 
f 153 154 155 
f 147 154 153 
f 147 156 154 
f 146 156 147 
f 157 158 159 
f 157 160 158 
f 161 160 157 
f 161 162 160 
f 163 162 161 
f 163 164 162 
f 165 166 167 
f 159 166 165 
f 159 168 166 
f 158 168 159 
f 152 166 168 
f 151 166 152 
f 151 167 166 
f 169 167 151 
f 170 171 172 
f 170 173 171 
f 174 172 171 
f 174 175 172 
f 176 175 174 
f 176 177 175 
f 178 177 176 
f 178 179 177 
f 180 179 178 
f 180 181 179 
f 182 181 180 
f 182 183 181 
f 183 184 185 
f 183 182 184 
f 186 173 170 
f 186 187 173 
f 188 187 186 
f 188 189 187 
f 185 189 188 
f 185 184 189 
f 190 191 192 
f 190 193 191 
f 194 193 190 
f 194 195 193 
f 196 195 194 
f 196 197 195 
f 198 197 196 
f 198 199 197 
f 200 199 198 
f 200 201 199 
f 202 201 200 
f 202 203 201 
f 204 203 202 
f 204 205 203 
f 206 205 204 
f 206 207 205 
f 208 207 206 
f 208 209 207 
f 209 192 191 
f 209 208 192 
f 210 211 212 
f 213 211 210 
f 213 214 211 
f 215 214 213 
f 215 216 214 
f 217 216 215 
f 217 218 216 
f 219 218 217 
f 219 220 218 
f 221 220 219 
f 221 222 220 
f 223 222 221 
f 223 224 222 
f 225 224 223 
f 225 226 224 
f 227 226 225 
f 227 228 226 
f 229 228 227 
f 229 212 228 
f 210 212 229 
f 230 231 232 
f 233 231 230 
f 233 234 231 
f 235 234 233 
f 235 236 234 
f 237 236 235 
f 238 239 240 
f 241 239 238 
f 241 232 239 
f 230 232 241 
f 242 243 244 
f 245 243 242 
f 245 246 243 
f 247 246 245 
f 247 240 246 
f 238 240 247 
f 237 248 236 
f 249 248 237 
f 249 244 248 
f 242 244 249 
f 250 251 252 
f 253 251 250 
f 253 254 251 
f 255 254 253 
f 256 257 258 
f 259 257 256 
f 259 260 257 
f 261 260 259 
f 261 255 260 
f 254 255 261 
f 262 263 264 
f 265 263 262 
f 265 258 263 
f 256 258 265 
f 252 266 250 
f 267 266 252 
f 267 268 266 
f 269 268 267 
f 269 264 268 
f 262 264 269 
f 270 271 246 
f 270 272 271 
f 273 272 270 
f 273 274 272 
f 275 274 273 
f 275 276 274 
f 277 276 275 
f 277 278 276 
f 232 278 277 
f 232 231 278 
f 231 279 278 
f 231 234 279 
f 280 274 276 
f 280 281 274 
f 279 281 280 
f 279 282 281 
f 234 282 279 
f 234 236 282 
f 283 248 244 
f 284 248 283 
f 284 236 248 
f 282 236 284 
f 285 281 282 
f 285 274 281 
f 286 274 285 
f 286 287 274 
f 283 287 286 
f 283 288 287 
f 244 288 283 
f 244 243 288 
f 243 271 288 
f 243 246 271 
f 270 246 240 
f 277 239 232 
f 289 239 277 
f 289 240 239 
f 270 240 289 
f 290 291 292 
f 290 293 291 
f 294 293 290 
f 294 295 293 
f 296 295 294 
f 296 297 295 
f 294 292 296 
f 294 290 292 
f 293 297 291 
f 293 295 297 
f 298 299 300 
f 298 301 299 
f 302 301 298 
f 302 303 301 
f 304 303 302 
f 304 305 303 
f 302 300 304 
f 302 298 300 
f 301 305 299 
f 301 303 305 
f 306 307 308 
f 306 309 307 
f 310 309 306 
f 310 311 309 
f 312 311 310 
f 312 313 311 
f 310 308 312 
f 310 306 308 
f 309 313 307 
f 309 311 313 
f 314 315 316 
f 314 317 315 
f 318 317 314 
f 318 319 317 
f 320 319 318 
f 320 321 319 
f 318 316 320 
f 318 314 316 
f 317 321 315 
f 317 319 321 
f 322 323 324 
f 325 323 322 
f 325 326 323 
f 327 326 325 
f 327 328 326 
f 329 328 327 
f 330 331 332 
f 333 331 330 
f 333 324 331 
f 322 324 333 
f 334 335 336 
f 337 335 334 
f 337 338 335 
f 339 338 337 
f 339 332 338 
f 330 332 339 
f 329 340 328 
f 341 340 329 
f 341 336 340 
f 334 336 341 
f 342 343 344 
f 345 343 342 
f 345 346 343 
f 347 346 345 
f 347 348 346 
f 349 348 347 
f 350 351 352 
f 353 351 350 
f 353 344 351 
f 342 344 353 
f 354 355 356 
f 357 355 354 
f 357 358 355 
f 359 358 357 
f 359 352 358 
f 350 352 359 
f 349 360 348 
f 361 360 349 
f 361 356 360 
f 354 356 361 
f 362 363 364 
f 365 363 362 
f 365 366 363 
f 367 366 365 
f 367 368 366 
f 369 368 367 
f 370 371 372 
f 373 371 370 
f 373 364 371 
f 362 364 373 
f 374 375 376 
f 377 375 374 
f 377 378 375 
f 379 378 377 
f 379 372 378 
f 370 372 379 
f 369 380 368 
f 381 380 369 
f 381 376 380 
f 374 376 381 
f 382 383 384 
f 385 383 382 
f 385 386 383 
f 387 386 385 
f 387 388 386 
f 389 388 387 
f 389 390 388 
f 391 390 389 
f 391 392 390 
f 393 392 391 
f 393 394 392 
f 395 394 393 
f 395 396 394 
f 397 396 395 
f 397 398 396 
f 399 398 397 
f 399 400 398 
f 401 400 399 
f 401 402 400 
f 403 402 401 
f 403 404 402 
f 405 404 403 
f 406 385 382 
f 407 408 409 
f 407 410 408 
f 411 410 407 
f 411 412 410 
f 413 412 411 
f 413 414 412 
f 415 414 413 
f 415 416 414 
f 417 416 415 
f 417 418 416 
f 419 418 417 
f 419 420 418 
f 421 420 419 
f 421 422 420 
f 423 422 421 
f 423 424 422 
f 425 424 423 
f 426 427 428 
f 429 427 426 
f 429 430 427 
f 431 430 429 
f 431 432 430 
f 433 432 431 
f 11 434 12 
f 435 434 11 
f 435 436 434 
f 437 436 435 
f 437 438 436 
f 439 438 437 
f 440 411 407 
f 440 441 411 
f 442 441 440 
f 442 443 441 
f 444 443 442 
f 444 445 443 
f 446 445 444 
f 446 447 445 
f 448 447 446 
f 449 410 412 
f 449 450 410 
f 451 450 449 
f 451 452 450 
f 453 452 451 
f 453 454 452 
f 455 454 453 
f 455 456 454 
f 457 456 455 
f 457 458 456 
f 459 458 457 
f 459 460 458 
f 461 460 459 
f 461 462 460 
f 434 463 12 
f 434 464 463 
f 436 464 434 
f 436 465 464 
f 438 465 436 
f 438 466 465 
f 467 468 469 
f 467 470 468 
f 471 470 467 
f 471 472 470 
f 473 472 471 
f 473 474 472 
f 475 474 473 
f 475 476 474 
f 477 476 475 
f 477 478 476 
f 479 478 477 
f 479 480 478 
f 481 480 479 
f 481 482 480 
f 483 482 481 
f 483 484 482 
f 485 484 483 
f 485 486 484 
f 487 486 485 
f 487 488 486 
f 489 488 487 
f 489 490 488 
f 491 490 489 
f 445 492 443 
f 493 492 445 
f 493 494 492 
f 495 494 493 
f 495 496 494 
f 497 496 495 
f 497 498 496 
f 499 498 497 
f 499 500 498 
f 501 500 499 
f 501 502 500 
f 503 502 501 
f 503 504 502 
f 505 504 503 
f 506 507 508 
f 506 509 507 
f 510 509 506 
f 510 511 509 
f 512 511 510 
f 512 513 511 
f 514 513 512 
f 514 515 513 
f 516 515 514 
f 516 517 515 
f 518 517 516 
f 518 519 517 
f 520 519 518 
f 520 521 519 
f 522 521 520 
f 522 523 521 
f 524 523 522 
f 524 525 523 
f 526 525 524 
f 526 527 525 
f 528 527 526 
f 528 529 527 
f 530 529 528 
f 530 531 529 
f 532 531 530 
f 532 533 531 
f 534 533 532 
f 534 535 533 
f 536 535 534 
f 536 537 535 
f 538 537 536 
f 538 539 537 
f 540 539 538 
f 540 541 539 
f 542 541 540 
f 542 543 541 
f 544 543 542 
f 544 545 543 
f 546 545 544 
f 546 547 545 
f 548 547 546 
f 548 549 547 
f 550 549 548 
f 550 551 549 
f 384 551 550 
f 384 552 551 
f 383 552 384 
f 383 553 552 
f 386 553 383 
f 386 554 553 
f 388 554 386 
f 388 555 554 
f 390 555 388 
f 390 556 555 
f 392 556 390 
f 392 557 556 
f 394 557 392 
f 394 558 557 
f 396 558 394 
f 396 559 558 
f 398 559 396 
f 398 560 559 
f 400 560 398 
f 400 561 560 
f 402 561 400 
f 402 562 561 
f 404 562 402 
f 5 460 462 
f 563 460 5 
f 563 458 460 
f 564 458 563 
f 564 456 458 
f 565 456 564 
f 565 454 456 
f 566 454 565 
f 566 452 454 
f 567 452 566 
f 567 450 452 
f 568 450 567 
f 568 408 450 
f 569 408 568 
f 569 409 408 
f 570 409 569 
f 448 571 2 
f 446 571 448 
f 446 572 571 
f 444 572 446 
f 444 573 572 
f 442 573 444 
f 442 574 573 
f 440 574 442 
f 440 575 574 
f 407 575 440 
f 407 570 575 
f 409 570 407 
f 493 576 577 
f 493 578 576 
f 447 578 493 
f 447 2 578 
f 448 2 447 
f 8 504 505 
f 579 504 8 
f 579 580 504 
f 581 580 579 
f 581 425 580 
f 582 425 581 
f 582 424 425 
f 583 424 582 
f 583 461 424 
f 584 461 583 
f 584 462 461 
f 5 462 584 
f 585 501 499 
f 585 503 501 
f 586 503 585 
f 586 505 503 
f 8 505 586 
f 587 566 588 
f 587 567 566 
f 589 567 587 
f 589 568 567 
f 590 568 589 
f 590 569 568 
f 591 569 590 
f 591 570 569 
f 571 3 2 
f 571 592 3 
f 572 592 571 
f 572 593 592 
f 573 593 572 
f 573 594 593 
f 574 594 573 
f 574 595 594 
f 575 595 574 
f 575 596 595 
f 570 596 575 
f 570 597 596 
f 578 598 576 
f 578 599 598 
f 2 599 578 
f 2 1 599 
f 600 8 7 
f 600 579 8 
f 601 579 600 
f 601 581 579 
f 602 581 601 
f 602 582 581 
f 603 582 602 
f 603 583 582 
f 604 583 603 
f 604 584 583 
f 6 584 604 
f 6 5 584 
f 565 588 566 
f 565 605 588 
f 564 605 565 
f 564 606 605 
f 563 606 564 
f 563 607 606 
f 5 607 563 
f 5 4 607 
f 608 576 598 
f 608 577 576 
f 609 577 608 
f 609 610 577 
f 611 610 609 
f 611 612 610 
f 613 612 611 
f 613 585 612 
f 614 585 613 
f 614 586 585 
f 9 586 614 
f 9 8 586 
f 521 615 519 
f 616 615 521 
f 616 617 615 
f 618 617 616 
f 618 619 617 
f 620 619 618 
f 620 621 619 
f 622 621 620 
f 622 623 621 
f 624 623 622 
f 624 625 623 
f 626 625 624 
f 626 627 625 
f 628 627 626 
f 628 629 627 
f 630 629 628 
f 630 631 629 
f 597 631 630 
f 597 591 631 
f 570 591 597 
f 632 426 633 
f 632 429 426 
f 431 429 632 
f 634 623 625 
f 634 635 623 
f 636 635 634 
f 636 637 635 
f 638 637 636 
f 638 639 637 
f 640 639 638 
f 640 641 639 
f 642 641 640 
f 642 643 641 
f 644 643 642 
f 644 645 643 
f 646 645 644 
f 646 647 645 
f 648 647 646 
f 648 649 647 
f 650 649 648 
f 650 651 649 
f 652 651 650 
f 652 653 651 
f 654 653 652 
f 654 655 653 
f 656 655 654 
f 656 657 655 
f 658 657 656 
f 658 659 657 
f 660 659 658 
f 660 661 659 
f 662 663 664 
f 665 663 662 
f 665 666 663 
f 667 666 665 
f 667 668 666 
f 669 668 667 
f 670 671 406 
f 670 672 671 
f 673 672 670 
f 673 674 672 
f 675 674 673 
f 675 676 674 
f 677 676 675 
f 677 678 676 
f 679 678 677 
f 679 680 678 
f 681 680 679 
f 681 682 680 
f 683 682 681 
f 683 684 682 
f 685 684 683 
f 685 686 684 
f 687 686 685 
f 687 688 686 
f 689 688 687 
f 689 690 688 
f 691 690 689 
f 691 692 690 
f 693 692 691 
f 693 694 692 
f 695 694 693 
f 695 696 694 
f 697 696 695 
f 697 698 696 
f 699 698 697 
f 699 700 698 
f 701 700 699 
f 701 702 700 
f 703 702 701 
f 703 704 702 
f 705 704 703 
f 705 706 704 
f 707 706 705 
f 707 708 706 
f 709 708 707 
f 709 710 708 
f 711 710 709 
f 711 712 710 
f 713 712 711 
f 713 714 712 
f 715 714 713 
f 715 716 714 
f 717 716 715 
f 717 718 716 
f 719 718 717 
f 719 720 718 
f 721 720 719 
f 721 722 720 
f 723 722 721 
f 723 724 722 
f 725 724 723 
f 725 726 724 
f 727 726 725 
f 727 728 726 
f 729 728 727 
f 729 730 728 
f 731 730 729 
f 731 732 730 
f 475 732 731 
f 475 473 732 
f 665 733 667 
f 665 734 733 
f 735 734 665 
f 735 736 734 
f 737 736 735 
f 737 738 736 
f 739 738 737 
f 739 740 738 
f 741 740 739 
f 741 742 740 
f 743 742 741 
f 743 507 742 
f 508 507 743 
f 744 739 737 
f 744 745 739 
f 746 745 744 
f 746 747 745 
f 748 747 746 
f 748 749 747 
f 750 749 748 
f 750 751 749 
f 752 751 750 
f 752 753 751 
f 754 753 752 
f 754 755 753 
f 668 755 754 
f 668 756 755 
f 669 756 668 
f 669 733 756 
f 667 733 669 
f 738 757 736 
f 758 757 738 
f 758 759 757 
f 760 759 758 
f 760 659 759 
f 761 659 760 
f 761 657 659 
f 507 657 761 
f 740 758 738 
f 740 761 758 
f 742 761 740 
f 742 507 761 
f 661 759 659 
f 661 762 759 
f 763 762 661 
f 763 764 762 
f 491 764 763 
f 765 730 732 
f 765 766 730 
f 767 766 765 
f 767 768 766 
f 769 768 767 
f 769 770 768 
f 771 770 769 
f 771 772 770 
f 465 772 771 
f 465 773 772 
f 466 773 465 
f 466 774 773 
f 438 774 466 
f 438 439 774 
f 775 776 728 
f 775 777 776 
f 778 777 775 
f 778 779 777 
f 780 779 778 
f 780 781 779 
f 782 781 780 
f 782 783 781 
f 784 783 782 
f 784 785 783 
f 786 785 784 
f 786 787 785 
f 632 787 786 
f 632 788 787 
f 633 788 632 
f 633 789 788 
f 426 789 633 
f 790 791 792 
f 790 793 791 
f 794 793 790 
f 794 795 793 
f 796 795 794 
f 796 797 795 
f 798 797 796 
f 799 800 490 
f 799 801 800 
f 802 801 799 
f 802 803 801 
f 804 803 802 
f 804 805 803 
f 806 805 804 
f 806 807 805 
f 808 807 806 
f 808 809 807 
f 810 809 808 
f 810 811 809 
f 812 811 810 
f 812 813 811 
f 814 813 812 
f 814 815 813 
f 816 815 814 
f 816 817 815 
f 818 817 816 
f 818 819 817 
f 820 819 818 
f 820 821 819 
f 822 821 820 
f 822 15 821 
f 823 15 822 
f 823 13 15 
f 824 825 826 
f 824 827 825 
f 828 827 824 
f 828 829 827 
f 830 829 828 
f 830 831 829 
f 832 831 830 
f 832 833 831 
f 428 833 832 
f 428 834 833 
f 835 836 837 
f 838 836 835 
f 838 427 836 
f 839 427 838 
f 839 428 427 
f 834 428 839 
f 840 627 629 
f 840 841 627 
f 842 841 840 
f 842 843 841 
f 844 843 842 
f 844 845 843 
f 846 845 844 
f 846 847 845 
f 848 847 846 
f 848 849 847 
f 850 849 848 
f 850 851 849 
f 852 851 850 
f 852 853 851 
f 854 853 852 
f 854 855 853 
f 856 855 854 
f 856 857 855 
f 858 857 856 
f 858 859 857 
f 860 859 858 
f 860 861 859 
f 862 861 860 
f 862 863 861 
f 864 863 862 
f 864 865 863 
f 866 865 864 
f 866 867 865 
f 868 842 840 
f 868 869 842 
f 870 869 868 
f 870 871 869 
f 872 871 870 
f 872 873 871 
f 874 873 872 
f 874 875 873 
f 876 875 874 
f 876 877 875 
f 13 878 16 
f 823 878 13 
f 823 879 878 
f 880 879 823 
f 880 881 879 
f 825 881 880 
f 882 12 463 
f 882 10 12 
f 883 10 882 
f 883 884 10 
f 885 884 883 
f 885 886 884 
f 887 886 885 
f 887 888 886 
f 473 888 887 
f 473 889 888 
f 881 889 473 
f 881 827 889 
f 825 827 881 
f 439 838 835 
f 437 838 439 
f 437 839 838 
f 435 839 437 
f 435 834 839 
f 11 834 435 
f 890 702 704 
f 890 891 702 
f 892 891 890 
f 892 893 891 
f 894 893 892 
f 894 606 893 
f 895 606 894 
f 895 605 606 
f 896 605 895 
f 896 588 605 
f 830 789 832 
f 897 826 898 
f 897 824 826 
f 899 824 897 
f 899 828 824 
f 900 828 899 
f 900 830 828 
f 789 830 900 
f 426 832 789 
f 426 428 832 
f 901 766 768 
f 901 728 766 
f 902 728 901 
f 902 775 728 
f 903 775 902 
f 903 778 775 
f 904 778 903 
f 904 780 778 
f 905 780 904 
f 905 782 780 
f 432 782 905 
f 906 901 768 
f 906 902 901 
f 907 902 906 
f 907 903 902 
f 908 903 907 
f 908 904 903 
f 909 904 908 
f 909 905 904 
f 837 905 909 
f 837 432 905 
f 910 911 912 
f 913 911 910 
f 913 914 911 
f 915 914 913 
f 915 916 914 
f 917 916 915 
f 917 918 916 
f 919 918 917 
f 919 920 918 
f 921 920 919 
f 921 922 920 
f 923 922 921 
f 924 790 792 
f 924 925 790 
f 926 925 924 
f 926 927 925 
f 928 927 926 
f 929 686 688 
f 929 930 686 
f 931 930 929 
f 931 932 930 
f 933 932 931 
f 933 934 932 
f 935 934 933 
f 935 936 934 
f 7 936 935 
f 7 937 936 
f 9 937 7 
f 9 938 937 
f 614 938 9 
f 614 939 938 
f 613 939 614 
f 613 940 939 
f 611 940 613 
f 611 941 940 
f 609 941 611 
f 609 942 941 
f 608 942 609 
f 608 943 942 
f 598 943 608 
f 944 924 792 
f 944 945 924 
f 946 945 944 
f 923 947 948 
f 949 947 923 
f 949 950 947 
f 951 950 949 
f 951 952 950 
f 873 952 951 
f 873 953 952 
f 875 953 873 
f 875 954 953 
f 877 954 875 
f 948 922 923 
f 955 922 948 
f 955 956 922 
f 957 956 955 
f 957 958 956 
f 959 958 957 
f 959 960 958 
f 961 960 959 
f 961 962 960 
f 963 962 961 
f 963 964 962 
f 965 964 963 
f 965 966 964 
f 967 966 965 
f 967 968 966 
f 969 968 967 
f 969 877 968 
f 954 877 969 
f 970 928 926 
f 971 928 970 
f 971 927 928 
f 972 927 971 
f 972 973 927 
f 974 973 972 
f 974 796 973 
f 975 796 974 
f 975 798 796 
f 976 798 975 
f 976 797 798 
f 977 797 976 
f 946 978 979 
f 944 978 946 
f 944 980 978 
f 792 980 944 
f 792 981 980 
f 791 981 792 
f 791 982 981 
f 983 982 791 
f 984 985 797 
f 984 983 985 
f 982 983 984 
f 926 986 970 
f 945 986 926 
f 945 979 986 
f 946 979 945 
f 984 797 977 
f 953 971 952 
f 953 972 971 
f 954 972 953 
f 954 974 972 
f 969 974 954 
f 969 975 974 
f 967 975 969 
f 967 976 975 
f 970 952 971 
f 970 950 952 
f 986 950 970 
f 986 947 950 
f 979 947 986 
f 979 948 947 
f 978 948 979 
f 978 955 948 
f 980 955 978 
f 980 957 955 
f 981 957 980 
f 981 959 957 
f 982 959 981 
f 982 961 959 
f 984 961 982 
f 984 963 961 
f 977 963 984 
f 977 965 963 
f 976 965 977 
f 976 967 965 
f 987 988 989 
f 987 990 988 
f 991 992 993 
f 991 994 992 
f 993 995 991 
f 996 995 993 
f 996 997 995 
f 998 997 996 
f 998 989 997 
f 987 989 998 
f 994 999 992 
f 1000 999 994 
f 1000 1001 999 
f 1002 1001 1000 
f 1002 990 1001 
f 988 990 1002 
f 1003 993 992 
f 1003 1004 993 
f 1005 1004 1003 
f 1005 1006 1004 
f 1007 1006 1005 
f 1007 1008 1006 
f 1009 1008 1007 
f 1009 1010 1008 
f 1011 1010 1009 
f 1011 1012 1010 
f 1013 1012 1011 
f 1013 1014 1012 
f 1015 1014 1013 
f 1015 1016 1014 
f 1017 1016 1015 
f 1017 1018 1016 
f 990 1018 1017 
f 990 987 1018 
f 992 1019 1003 
f 999 1019 992 
f 999 1020 1019 
f 1001 1020 999 
f 1001 1017 1020 
f 990 1017 1001 
f 1021 1022 1023 
f 1021 1024 1022 
f 1025 1024 1021 
f 1025 1026 1024 
f 1027 1026 1025 
f 1027 1028 1026 
f 1029 1028 1027 
f 1029 1030 1028 
f 1031 1030 1029 
f 1032 1033 1034 
f 1031 1033 1032 
f 1031 1035 1033 
f 1029 1035 1031 
f 1036 1037 1038 
f 1036 1039 1037 
f 1040 1039 1036 
f 1040 1041 1039 
f 1042 1041 1040 
f 1042 1043 1041 
f 1044 1045 1046 
f 1038 1045 1044 
f 1038 1023 1045 
f 1037 1023 1038 
f 1022 1045 1023 
f 1047 1045 1022 
f 1047 1046 1045 
f 1048 1046 1047 
f 1049 1031 1032 
f 1049 1030 1031 
f 1050 1030 1049 
f 1050 1051 1030 
f 1048 1051 1050 
f 1048 1047 1051 
f 1043 1033 1035 
f 1042 1033 1043 
f 1042 1034 1033 
f 1052 1034 1042 
f 1040 1052 1042 
f 1040 1053 1052 
f 1036 1053 1040 
f 1036 1054 1053 
f 1038 1054 1036 
f 1038 1044 1054 
f 1055 1056 1057 
f 1055 1058 1056 
f 1059 1058 1055 
f 1059 1060 1058 
f 1061 1062 1063 
f 1061 1064 1062 
f 1060 1064 1061 
f 1060 1059 1064 
f 1065 1066 1067 
f 1065 1068 1066 
f 1069 1068 1065 
f 1069 1070 1068 
f 1063 1070 1069 
f 1063 1062 1070 
f 1071 1057 1056 
f 1071 1072 1057 
f 1073 1072 1071 
f 1073 1074 1072 
f 1067 1074 1073 
f 1067 1066 1074 
f 1075 1076 1077 
f 1078 1076 1075 
f 1078 1079 1076 
f 1080 1079 1078 
f 1081 1082 1083 
f 1084 1082 1081 
f 1084 1080 1082 
f 1079 1080 1084 
f 1085 1086 1087 
f 1088 1086 1085 
f 1088 1089 1086 
f 1090 1089 1088 
f 1090 1083 1089 
f 1081 1083 1090 
f 1077 1091 1075 
f 1092 1091 1077 
f 1092 1093 1091 
f 1094 1093 1092 
f 1094 1087 1093 
f 1085 1087 1094 
f 1095 1096 1097 
f 1098 1096 1095 
f 1098 1099 1096 
f 1100 1099 1098 
f 1100 1101 1099 
f 1102 1101 1100 
f 1102 1103 1101 
f 1104 1103 1102 
f 1104 1105 1103 
f 1106 1105 1104 
f 1106 1107 1105 
f 1108 1107 1106 
f 1108 1109 1107 
f 1110 1109 1108 
f 1110 1111 1109 
f 1112 1111 1110 
f 1112 1113 1111 
f 1114 1113 1112 
f 1114 1115 1113 
f 1116 1115 1114 
f 1116 1117 1115 
f 1118 1117 1116 
f 1118 1097 1117 
f 1095 1097 1118 
f 1119 1120 1121 
f 1122 1120 1119 
f 1122 1123 1120 
f 1124 1123 1122 
f 1124 1125 1123 
f 1126 1125 1124 
f 1126 1127 1125 
f 1128 1127 1126 
f 1128 1129 1127 
f 1130 1129 1128 
f 1130 1131 1129 
f 1132 1131 1130 
f 1132 1133 1131 
f 1134 1133 1132 
f 1134 1135 1133 
f 1136 1135 1134 
f 1136 1137 1135 
f 1138 1137 1136 
f 1138 1139 1137 
f 1140 1139 1138 
f 1140 1141 1139 
f 1142 1141 1140 
f 1142 1121 1141 
f 1119 1121 1142 
f 1143 1141 1121 
f 1144 1141 1143 
f 1144 1139 1141 
f 1145 1139 1144 
f 1145 1137 1139 
f 1146 1137 1145 
f 1146 1135 1137 
f 1147 1135 1146 
f 1147 1133 1135 
f 1148 1133 1147 
f 1148 1131 1133 
f 1149 1131 1148 
f 1149 1129 1131 
f 1150 1129 1149 
f 1150 1127 1129 
f 1151 1127 1150 
f 1151 1125 1127 
f 1152 1125 1151 
f 1152 1123 1125 
f 1153 1123 1152 
f 1153 1120 1123 
f 1154 1120 1153 
f 1154 1121 1120 
f 1143 1121 1154 
f 1143 1155 1156 
f 1154 1155 1143 
f 1154 1157 1155 
f 1153 1157 1154 
f 1153 1158 1157 
f 1152 1158 1153 
f 1152 1159 1158 
f 1151 1159 1152 
f 1151 1160 1159 
f 1150 1160 1151 
f 1150 1161 1160 
f 1149 1161 1150 
f 1149 1162 1161 
f 1148 1162 1149 
f 1148 1163 1162 
f 1147 1163 1148 
f 1147 1164 1163 
f 1146 1164 1147 
f 1146 1165 1164 
f 1145 1165 1146 
f 1145 1166 1165 
f 1144 1166 1145 
f 1144 1156 1166 
f 1143 1156 1144 
f 1156 1167 1168 
f 1155 1167 1156 
f 1155 1169 1167 
f 1157 1169 1155 
f 1157 1170 1169 
f 1158 1170 1157 
f 1158 1171 1170 
f 1159 1171 1158 
f 1159 1172 1171 
f 1160 1172 1159 
f 1160 1173 1172 
f 1161 1173 1160 
f 1161 1174 1173 
f 1162 1174 1161 
f 1162 1175 1174 
f 1163 1175 1162 
f 1163 1176 1175 
f 1164 1176 1163 
f 1164 1177 1176 
f 1165 1177 1164 
f 1165 1178 1177 
f 1166 1178 1165 
f 1166 1168 1178 
f 1156 1168 1166 
f 1168 1179 1180 
f 1167 1179 1168 
f 1167 1181 1179 
f 1169 1181 1167 
f 1169 1182 1181 
f 1170 1182 1169 
f 1170 1183 1182 
f 1171 1183 1170 
f 1171 1184 1183 
f 1172 1184 1171 
f 1172 1185 1184 
f 1173 1185 1172 
f 1173 1186 1185 
f 1174 1186 1173 
f 1174 1187 1186 
f 1175 1187 1174 
f 1175 1188 1187 
f 1176 1188 1175 
f 1176 1189 1188 
f 1177 1189 1176 
f 1177 1190 1189 
f 1178 1190 1177 
f 1178 1180 1190 
f 1168 1180 1178 
f 1180 1191 1192 
f 1179 1191 1180 
f 1179 1193 1191 
f 1181 1193 1179 
f 1181 1194 1193 
f 1182 1194 1181 
f 1182 1195 1194 
f 1183 1195 1182 
f 1183 1196 1195 
f 1184 1196 1183 
f 1184 1197 1196 
f 1185 1197 1184 
f 1185 1198 1197 
f 1186 1198 1185 
f 1186 1199 1198 
f 1187 1199 1186 
f 1187 1200 1199 
f 1188 1200 1187 
f 1188 1201 1200 
f 1189 1201 1188 
f 1189 1202 1201 
f 1190 1202 1189 
f 1190 1192 1202 
f 1180 1192 1190 
f 1192 1203 1204 
f 1191 1203 1192 
f 1191 1205 1203 
f 1193 1205 1191 
f 1193 1206 1205 
f 1194 1206 1193 
f 1194 1207 1206 
f 1195 1207 1194 
f 1195 1208 1207 
f 1196 1208 1195 
f 1196 1209 1208 
f 1197 1209 1196 
f 1197 1210 1209 
f 1198 1210 1197 
f 1198 1211 1210 
f 1199 1211 1198 
f 1199 1212 1211 
f 1200 1212 1199 
f 1200 1213 1212 
f 1201 1213 1200 
f 1201 1214 1213 
f 1202 1214 1201 
f 1202 1204 1214 
f 1192 1204 1202 
f 1204 1215 1216 
f 1203 1215 1204 
f 1203 1217 1215 
f 1205 1217 1203 
f 1205 1218 1217 
f 1206 1218 1205 
f 1206 1219 1218 
f 1207 1219 1206 
f 1207 1220 1219 
f 1208 1220 1207 
f 1208 1221 1220 
f 1209 1221 1208 
f 1209 1222 1221 
f 1210 1222 1209 
f 1210 1223 1222 
f 1211 1223 1210 
f 1211 1224 1223 
f 1212 1224 1211 
f 1212 1225 1224 
f 1213 1225 1212 
f 1213 1226 1225 
f 1214 1226 1213 
f 1214 1216 1226 
f 1204 1216 1214 
f 1216 1227 1228 
f 1215 1227 1216 
f 1215 1229 1227 
f 1217 1229 1215 
f 1217 1230 1229 
f 1218 1230 1217 
f 1218 1231 1230 
f 1219 1231 1218 
f 1219 1232 1231 
f 1220 1232 1219 
f 1220 1233 1232 
f 1221 1233 1220 
f 1221 1234 1233 
f 1222 1234 1221 
f 1222 1235 1234 
f 1223 1235 1222 
f 1223 1236 1235 
f 1224 1236 1223 
f 1224 1237 1236 
f 1225 1237 1224 
f 1225 1238 1237 
f 1226 1238 1225 
f 1226 1228 1238 
f 1216 1228 1226 
f 1239 20 1240 
f 1241 20 1239 
f 1241 23 20 
f 1242 23 1241 
f 1242 25 23 
f 1243 25 1242 
f 1243 27 25 
f 1244 27 1243 
f 1244 1245 27 
f 1246 1245 1244 
f 1246 1247 1245 
f 1248 1247 1246 
f 1248 1249 1247 
f 1250 1249 1248 
f 1250 1251 1249 
f 1252 1251 1250 
f 1252 1253 1251 
f 1254 1253 1252 
f 1254 1255 1253 
f 1256 1255 1254 
f 1256 1257 1255 
f 1258 1257 1256 
f 1258 1240 1257 
f 1239 1240 1258 
f 1259 1260 1261 
f 22 1260 1259 
f 22 1262 1260 
f 21 1262 22 
f 21 1263 1262 
f 24 1263 21 
f 24 1264 1263 
f 26 1264 24 
f 26 1265 1264 
f 1266 1265 26 
f 1266 1267 1265 
f 1268 1267 1266 
f 1268 1269 1267 
f 1270 1269 1268 
f 1270 1271 1269 
f 1272 1271 1270 
f 1272 1273 1271 
f 1274 1273 1272 
f 1274 1275 1273 
f 1276 1275 1274 
f 1276 1277 1275 
f 1278 1277 1276 
f 1278 1261 1277 
f 1259 1261 1278 
f 1261 1279 19 
f 1260 1279 1261 
f 1260 1280 1279 
f 1262 1280 1260 
f 1262 1281 1280 
f 1263 1281 1262 
f 1263 1282 1281 
f 1264 1282 1263 
f 1264 1283 1282 
f 1265 1283 1264 
f 1265 1284 1283 
f 1267 1284 1265 
f 1267 1285 1284 
f 1269 1285 1267 
f 1269 1286 1285 
f 1271 1286 1269 
f 1271 1287 1286 
f 1273 1287 1271 
f 1273 1288 1287 
f 1275 1288 1273 
f 1275 18 1288 
f 1277 18 1275 
f 1277 19 18 
f 1261 19 1277 
f 1289 18 17 
f 1289 1288 18 
f 1290 1288 1289 
f 1290 1287 1288 
f 1291 1287 1290 
f 1291 1286 1287 
f 1292 1286 1291 
f 1292 1285 1286 
f 1293 1285 1292 
f 1293 1284 1285 
f 1294 1284 1293 
f 1294 1283 1284 
f 1295 1283 1294 
f 1295 1282 1283 
f 1296 1282 1295 
f 1296 1281 1282 
f 1297 1281 1296 
f 1297 1280 1281 
f 1298 1280 1297 
f 1298 1279 1280 
f 1299 1279 1298 
f 1299 19 1279 
f 17 19 1299 
f 1300 1301 1302 
f 1303 1301 1300 
f 1303 1304 1301 
f 1305 1304 1303 
f 1305 1306 1304 
f 1307 1306 1305 
f 1307 1308 1306 
f 1309 1308 1307 
f 1309 1310 1308 
f 1311 1310 1309 
f 1311 1312 1310 
f 1313 1312 1311 
f 1313 1314 1312 
f 1315 1314 1313 
f 1315 1316 1314 
f 1317 1316 1315 
f 1317 1318 1316 
f 1319 1318 1317 
f 1319 1320 1318 
f 1321 1320 1319 
f 1321 1322 1320 
f 1323 1322 1321 
f 1323 1302 1322 
f 1300 1302 1323 
f 27 1266 26 
f 27 1245 1266 
f 1245 1268 1266 
f 1245 1247 1268 
f 1247 1270 1268 
f 1247 1249 1270 
f 1249 1272 1270 
f 1249 1251 1272 
f 1251 1274 1272 
f 1251 1253 1274 
f 1253 1276 1274 
f 1253 1255 1276 
f 1255 1278 1276 
f 1255 1257 1278 
f 1228 1241 1239 
f 1227 1241 1228 
f 1227 1242 1241 
f 1229 1242 1227 
f 1229 1243 1242 
f 1230 1243 1229 
f 1230 1244 1243 
f 1231 1244 1230 
f 1231 1246 1244 
f 1232 1246 1231 
f 1232 1248 1246 
f 1233 1248 1232 
f 1233 1250 1248 
f 1234 1250 1233 
f 1234 1252 1250 
f 1235 1252 1234 
f 1235 1254 1252 
f 1236 1254 1235 
f 1236 1256 1254 
f 1237 1256 1236 
f 1237 1258 1256 
f 1238 1258 1237 
f 1238 1239 1258 
f 1228 1239 1238 
f 1257 1259 1278 
f 1257 1240 1259 
f 1240 22 1259 
f 1240 20 22 
f 1324 1325 1326 
f 1324 1327 1325 
f 1328 1329 1330 
f 1328 1331 1329 
f 1332 1331 1328 
f 1332 1333 1331 
f 1334 1333 1332 
f 1334 1335 1333 
f 1336 1335 1334 
f 1336 1337 1335 
f 1338 1337 1336 
f 1338 1324 1337 
f 1339 1324 1338 
f 1339 1327 1324 
f 1340 1327 1339 
f 1341 1342 1343 
f 1341 1338 1342 
f 1344 1345 1346 
f 1344 1347 1345 
f 1348 1349 1350 
f 1351 1349 1348 
f 1351 1352 1349 
f 1353 1352 1351 
f 1353 1354 1352 
f 1355 1354 1353 
f 1355 1356 1354 
f 1357 1356 1355 
f 1357 1344 1356 
f 1358 1344 1357 
f 1358 1347 1344 
f 1359 1347 1358 
f 1360 1357 1361 
f 1360 1362 1357 
f 1363 28 1364 
f 1363 1362 28 
f 1365 1362 1363 
f 1365 1357 1362 
f 1366 28 30 
f 1366 1364 28 
f 1365 1367 1368 
f 1365 1369 1367 
f 1363 1369 1365 
f 1363 1370 1369 
f 1364 1370 1363 
f 1364 1366 1370 
f 1371 1372 1373 
f 1371 1374 1372 
f 1375 1374 1371 
f 1331 1376 1372 
f 1331 1377 1376 
f 1378 1372 1374 
f 1378 1331 1372 
f 1329 1331 1378 
f 1379 1380 1328 
f 1379 1381 1380 
f 1349 1382 1383 
f 1349 1384 1382 
f 1385 1383 1386 
f 1385 1349 1383 
f 1350 1349 1385 
f 1387 1388 1348 
f 1387 1389 1388 
f 1387 1390 33 
f 1387 1391 1390 
f 1348 1391 1387 
f 1348 1350 1391 
f 1392 33 1390 
f 1392 31 33 
f 1393 1374 1394 
f 1395 1374 1393 
f 1395 1378 1374 
f 1396 1378 1395 
f 1396 1329 1378 
f 1397 1329 1396 
f 1397 1330 1329 
f 1398 1330 1397 
f 1398 1386 1330 
f 1399 1386 1398 
f 1399 1385 1386 
f 1400 1385 1399 
f 1400 1350 1385 
f 1401 1350 1400 
f 1401 1391 1350 
f 1402 1391 1401 
f 1402 1390 1391 
f 1392 1390 1402 
f 1365 1358 1357 
f 1347 1341 1403 
f 1347 1404 1341 
f 1359 1404 1347 
f 1405 1406 1407 
f 1405 1408 1406 
f 1340 1408 1405 
f 1409 1410 1411 
f 1409 1412 1410 
f 1413 1375 1371 
f 1413 1414 1375 
f 1412 1411 1410 
f 1412 1409 1411 
f 1415 1372 1376 
f 1415 1373 1372 
f 1416 1373 1415 
f 1416 1417 1373 
f 1418 1417 1416 
f 1418 1419 1417 
f 1325 1419 1418 
f 1325 1327 1419 
f 1420 1421 1371 
f 1420 1422 1421 
f 1423 1422 1420 
f 1423 1424 1422 
f 1425 1424 1423 
f 1425 1426 1424 
f 1405 1426 1425 
f 1405 1427 1426 
f 1428 1348 1388 
f 1428 1351 1348 
f 1429 1351 1428 
f 1429 1353 1351 
f 1430 1353 1429 
f 1430 1355 1353 
f 1361 1355 1430 
f 1361 1357 1355 
f 1352 1384 1349 
f 1352 1431 1384 
f 1354 1431 1352 
f 1354 1432 1431 
f 1356 1432 1354 
f 1356 1433 1432 
f 1344 1433 1356 
f 1344 1346 1433 
f 1434 1383 1382 
f 1434 1435 1383 
f 1436 1435 1434 
f 1436 1437 1435 
f 1438 1437 1436 
f 1438 1439 1437 
f 1345 1439 1438 
f 1345 1347 1439 
f 1440 1381 1379 
f 1440 1441 1381 
f 1442 1441 1440 
f 1442 1443 1441 
f 1403 1443 1442 
f 1403 1444 1443 
f 1341 1444 1403 
f 1341 1343 1444 
f 1445 1328 1380 
f 1445 1332 1328 
f 1446 1332 1445 
f 1446 1334 1332 
f 1447 1334 1446 
f 1447 1336 1334 
f 1342 1336 1447 
f 1342 1338 1336 
f 1333 1377 1331 
f 1333 1448 1377 
f 1335 1448 1333 
f 1335 1449 1448 
f 1337 1449 1335 
f 1337 1450 1449 
f 1324 1450 1337 
f 1324 1326 1450 
f 1451 1411 1410 
f 1451 1452 1411 
f 1362 1452 1451 
f 1362 1360 1452 
f 1452 1409 1411 
f 1452 1453 1409 
f 1360 1453 1452 
f 1360 29 1453 
f 1453 1412 1409 
f 1453 1454 1412 
f 29 1454 1453 
f 29 28 1454 
f 1455 1410 1411 
f 1455 1456 1410 
f 1389 1456 1455 
f 1389 1387 1456 
f 1457 1409 1412 
f 1457 1458 1409 
f 33 1458 1457 
f 33 32 1458 
f 1458 1411 1409 
f 1458 1455 1411 
f 32 1455 1458 
f 32 1389 1455 
f 1451 28 1362 
f 1451 1454 28 
f 1410 1454 1451 
f 1410 1412 1454 
f 1457 1387 33 
f 1457 1456 1387 
f 1412 1456 1457 
f 1412 1410 1456 
f 1459 1407 1406 
f 1459 1460 1407 
f 1461 1414 1413 
f 1461 1462 1414 
f 1405 1463 1427 
f 1405 1460 1463 
f 1407 1460 1405 
f 1371 1461 1413 
f 1371 1464 1461 
f 1421 1464 1371 
f 1394 1414 1462 
f 1394 1375 1414 
f 1374 1375 1394 
f 1465 1408 1340 
f 1465 1459 1408 
f 1466 1459 1465 
f 1406 1408 1459 
f 1467 1468 1469 
f 1467 1470 1468 
f 1470 1469 1468 
f 1470 1467 1469 
f 1471 1472 1473 
f 1471 1474 1472 
f 1475 1474 1471 
f 1475 1476 1474 
f 1477 1476 1475 
f 1477 1478 1476 
f 1479 1478 1477 
f 1479 1480 1478 
f 1481 1480 1482 
f 1481 1478 1480 
f 1483 1484 1485 
f 1483 1486 1484 
f 1487 1486 1483 
f 1487 1488 1486 
f 1481 1488 1487 
f 1481 1489 1488 
f 1482 1489 1481 
f 1482 1490 1489 
f 1487 1478 1481 
f 1487 1476 1478 
f 1483 1476 1487 
f 1483 1474 1476 
f 1485 1474 1483 
f 1485 1472 1474 
f 1491 1492 1493 
f 1491 1494 1492 
f 1495 1494 1491 
f 1495 1496 1494 
f 1497 1496 1495 
f 1497 1498 1496 
f 1499 1498 1497 
f 1499 1500 1498 
f 1496 1501 1494 
f 1496 1502 1501 
f 1498 1502 1496 
f 1498 1503 1502 
f 1500 1503 1498 
f 1500 1504 1503 
f 1501 1505 1506 
f 1501 1507 1505 
f 1502 1507 1501 
f 1502 1508 1507 
f 1503 1508 1502 
f 1503 1509 1508 
f 1504 1509 1503 
f 1504 1510 1509 
f 1511 1512 1513 
f 1511 1514 1512 
f 1515 1514 1511 
f 1515 1516 1514 
f 1517 1516 1515 
f 1517 1518 1516 
f 1519 1518 1517 
f 1519 1520 1518 
f 1518 1521 1516 
f 1518 1522 1521 
f 1520 1522 1518 
f 1520 1523 1522 
f 1524 1525 1526 
f 1524 1527 1525 
f 1521 1527 1524 
f 1521 1528 1527 
f 1522 1528 1521 
f 1522 1529 1528 
f 1523 1529 1522 
f 1523 1530 1529 
f 1531 1532 1533 
f 1531 1534 1532 
f 1535 1534 1531 
f 1535 1536 1534 
f 1537 1536 1535 
f 1537 1538 1536 
f 1539 1538 1537 
f 1539 1540 1538 
f 1538 1541 1536 
f 1538 1542 1541 
f 1540 1542 1538 
f 1540 1543 1542 
f 1544 1545 1546 
f 1544 1547 1545 
f 1541 1547 1544 
f 1541 1548 1547 
f 1542 1548 1541 
f 1542 1549 1548 
f 1543 1549 1542 
f 1543 1550 1549 
f 1551 1469 1468 
f 1551 1552 1469 
f 1553 1552 1551 
f 1553 1554 1552 
f 1552 1467 1469 
f 1552 1555 1467 
f 1554 1555 1552 
f 1554 1556 1555 
f 1555 1470 1467 
f 1555 1557 1470 
f 1556 1557 1555 
f 1556 1558 1557 
f 1557 1468 1470 
f 1557 1551 1468 
f 1558 1551 1557 
f 1558 1553 1551 
f 1544 1536 1541 
f 1544 1534 1536 
f 1546 1534 1544 
f 1546 1532 1534 
f 1524 1516 1521 
f 1524 1514 1516 
f 1526 1514 1524 
f 1526 1512 1514 
f 1494 1506 1492 
f 1494 1501 1506 
f 1559 1468 1469 
f 1559 1560 1468 
f 1561 1560 1559 
f 1561 1562 1560 
f 1563 1562 1564 
f 1563 1560 1562 
f 1563 1467 1470 
f 1563 1565 1467 
f 1564 1565 1563 
f 1564 1566 1565 
f 1565 1469 1467 
f 1565 1559 1469 
f 1566 1559 1565 
f 1566 1561 1559 
f 1470 1560 1563 
f 1470 1468 1560 
f 1567 1568 1569 
f 1567 1570 1568 
f 1569 1570 1567 
f 1569 1568 1570 
f 1571 1572 1573 
f 1574 1572 1571 
f 1574 1575 1572 
f 1576 1575 1574 
f 1576 1577 1575 
f 1578 1577 1576 
f 1578 1579 1577 
f 1580 1579 1578 
f 1581 1580 1578 
f 1581 1582 1580 
f 1583 1584 1585 
f 1586 1584 1583 
f 1586 1587 1584 
f 1588 1587 1586 
f 1588 1581 1587 
f 1589 1581 1588 
f 1589 1582 1581 
f 1590 1582 1589 
f 1578 1587 1581 
f 1576 1587 1578 
f 1576 1584 1587 
f 1574 1584 1576 
f 1574 1585 1584 
f 1571 1585 1574 
f 1591 1592 1593 
f 1594 1592 1591 
f 1594 1595 1592 
f 1596 1595 1594 
f 1596 1597 1595 
f 1598 1597 1596 
f 1598 1599 1597 
f 1600 1599 1598 
f 1601 1596 1594 
f 1602 1596 1601 
f 1602 1598 1596 
f 1603 1598 1602 
f 1603 1600 1598 
f 1604 1600 1603 
f 1605 1601 1606 
f 1607 1601 1605 
f 1607 1602 1601 
f 1608 1602 1607 
f 1608 1603 1602 
f 1609 1603 1608 
f 1609 1604 1603 
f 1610 1604 1609 
f 1611 1612 1613 
f 1614 1612 1611 
f 1614 1615 1612 
f 1616 1615 1614 
f 1616 1617 1615 
f 1618 1617 1616 
f 1618 1619 1617 
f 1620 1619 1618 
f 1621 1618 1616 
f 1622 1618 1621 
f 1622 1620 1618 
f 1623 1620 1622 
f 1624 1625 1626 
f 1627 1625 1624 
f 1627 1621 1625 
f 1628 1621 1627 
f 1628 1622 1621 
f 1629 1622 1628 
f 1629 1623 1622 
f 1630 1623 1629 
f 1631 1632 1633 
f 1634 1632 1631 
f 1634 1635 1632 
f 1636 1635 1634 
f 1636 1637 1635 
f 1638 1637 1636 
f 1638 1639 1637 
f 1640 1639 1638 
f 1641 1638 1636 
f 1642 1638 1641 
f 1642 1640 1638 
f 1643 1640 1642 
f 1644 1645 1646 
f 1647 1645 1644 
f 1647 1641 1645 
f 1648 1641 1647 
f 1648 1642 1641 
f 1649 1642 1648 
f 1649 1643 1642 
f 1650 1643 1649 
f 1570 1651 1568 
f 1652 1651 1570 
f 1652 1653 1651 
f 1654 1653 1652 
f 1567 1652 1570 
f 1655 1652 1567 
f 1655 1654 1652 
f 1656 1654 1655 
f 1569 1655 1567 
f 1657 1655 1569 
f 1657 1656 1655 
f 1658 1656 1657 
f 1568 1657 1569 
f 1651 1657 1568 
f 1651 1658 1657 
f 1653 1658 1651 
f 1636 1645 1641 
f 1634 1645 1636 
f 1634 1646 1645 
f 1631 1646 1634 
f 1616 1625 1621 
f 1614 1625 1616 
f 1614 1626 1625 
f 1611 1626 1614 
f 1594 1606 1601 
f 1594 1591 1606 
f 1568 1659 1570 
f 1660 1659 1568 
f 1660 1661 1659 
f 1662 1661 1660 
f 1663 1662 1660 
f 1663 1664 1662 
f 1567 1663 1569 
f 1665 1663 1567 
f 1665 1664 1663 
f 1666 1664 1665 
f 1570 1665 1567 
f 1659 1665 1570 
f 1659 1666 1665 
f 1661 1666 1659 
f 1569 1660 1568 
f 1569 1663 1660 
f 1667 41 45 
f 1667 1668 41 
f 1669 1668 1667 
f 1669 1670 1668 
f 1671 1670 1669 
f 1671 1672 1670 
f 1673 1672 1671 
f 1673 1674 1672 
f 1675 36 39 
f 1675 1676 36 
f 1677 1676 1675 
f 1677 1678 1676 
f 1679 1678 1677 
f 1679 1680 1678 
f 1681 1680 1679 
f 1681 1682 1680 
f 1683 1684 1685 
f 1686 1684 1683 
f 1686 1687 1684 
f 1688 1687 1686 
f 1688 1689 1687 
f 1690 1689 1688 
f 1690 1691 1689 
f 1692 1691 1690 
f 1693 1694 1695 
f 1696 1694 1693 
f 1696 1697 1694 
f 1698 1697 1696 
f 1698 1699 1697 
f 1700 1699 1698 
f 1700 1701 1699 
f 1702 1701 1700 
f 1685 1703 1704 
f 1684 1703 1685 
f 1684 1705 1703 
f 1687 1705 1684 
f 1687 1706 1705 
f 1689 1706 1687 
f 1689 1707 1706 
f 1691 1707 1689 
f 44 1708 1709 
f 1710 1708 44 
f 1710 1711 1708 
f 1712 1711 1710 
f 1712 1713 1711 
f 1714 1713 1712 
f 1714 1715 1713 
f 34 1715 1714 
f 1716 37 35 
f 1716 1717 37 
f 1718 1717 1716 
f 1709 1669 1667 
f 1719 1669 1709 
f 1719 1671 1669 
f 1693 1671 1719 
f 1673 1693 1695 
f 1673 1671 1693 
f 1668 1704 1720 
f 1670 1704 1668 
f 1670 1685 1704 
f 1672 1685 1670 
f 1683 1672 1674 
f 1683 1685 1672 
f 1680 1701 1702 
f 1680 1682 1701 
f 1676 1721 1715 
f 1678 1721 1676 
f 1678 1702 1721 
f 1680 1702 1678 
f 1691 1681 1679 
f 1691 1692 1681 
f 1722 1677 1675 
f 1707 1677 1722 
f 1707 1679 1677 
f 1691 1679 1707 
f 36 1715 34 
f 36 1676 1715 
f 38 1675 39 
f 38 1722 1675 
f 41 1720 42 
f 41 1668 1720 
f 44 1667 45 
f 44 1709 1667 
f 1716 34 1714 
f 1716 35 34 
f 39 35 37 
f 39 36 35 
f 1723 37 1717 
f 1723 38 37 
f 45 40 43 
f 45 41 40 
f 38 1724 1722 
f 1723 1724 38 
f 1723 1725 1724 
f 1726 1725 1723 
f 1726 1727 1725 
f 1728 1727 1726 
f 1728 1720 1727 
f 42 1720 1728 
f 42 1729 40 
f 42 1728 1729 
f 1730 1718 1716 
f 1730 1729 1718 
f 1731 1729 1730 
f 1731 40 1729 
f 43 40 1731 
f 43 1710 44 
f 43 1731 1710 
f 1702 1732 1721 
f 1700 1732 1702 
f 1700 1733 1732 
f 1698 1733 1700 
f 1698 1734 1733 
f 1696 1734 1698 
f 1696 1719 1734 
f 1693 1719 1696 
f 1717 1726 1723 
f 1718 1726 1717 
f 1718 1728 1726 
f 1729 1728 1718 
f 1714 1730 1716 
f 1712 1730 1714 
f 1712 1731 1730 
f 1710 1731 1712 
f 53 1735 55 
f 1736 1735 53 
f 1736 1737 1735 
f 1738 1737 1736 
f 1738 1739 1737 
f 1740 1739 1738 
f 1740 1741 1739 
f 1742 1741 1740 
f 46 1743 49 
f 1744 1743 46 
f 1744 1745 1743 
f 1746 1745 1744 
f 1746 1747 1745 
f 1748 1747 1746 
f 1748 1749 1747 
f 1750 1749 1748 
f 1751 1752 1753 
f 1751 1754 1752 
f 1755 1754 1751 
f 1755 1756 1754 
f 1757 1756 1755 
f 1757 1758 1756 
f 1759 1758 1757 
f 1759 1760 1758 
f 1761 1762 1763 
f 1761 1764 1762 
f 1765 1764 1761 
f 1765 1766 1764 
f 1767 1766 1765 
f 1767 1768 1766 
f 1769 1768 1767 
f 1769 1770 1768 
f 1771 1753 1772 
f 1771 1751 1753 
f 1773 1751 1771 
f 1773 1755 1751 
f 1774 1755 1773 
f 1774 1757 1755 
f 1775 1757 1774 
f 1775 1759 1757 
f 1776 56 1777 
f 1776 1778 56 
f 1779 1778 1776 
f 1779 1780 1778 
f 1781 1780 1779 
f 1781 1782 1780 
f 1783 1782 1781 
f 1783 48 1782 
f 1784 1785 1786 
f 1784 51 1785 
f 47 51 1784 
f 1737 1777 1735 
f 1737 1787 1777 
f 1739 1787 1737 
f 1739 1762 1787 
f 1741 1762 1739 
f 1741 1763 1762 
f 1772 1736 1788 
f 1772 1738 1736 
f 1753 1738 1772 
f 1753 1740 1738 
f 1752 1740 1753 
f 1752 1742 1740 
f 1748 1769 1750 
f 1748 1770 1769 
f 1789 1744 1783 
f 1789 1746 1744 
f 1770 1746 1789 
f 1770 1748 1746 
f 1759 1749 1760 
f 1759 1747 1749 
f 1745 1790 1743 
f 1745 1775 1790 
f 1747 1775 1745 
f 1747 1759 1775 
f 46 1783 1744 
f 46 48 1783 
f 50 1743 1790 
f 50 49 1743 
f 53 1788 1736 
f 53 52 1788 
f 56 1735 1777 
f 56 55 1735 
f 1784 48 47 
f 1784 1782 48 
f 49 47 46 
f 49 51 47 
f 1791 51 50 
f 1791 1785 51 
f 55 54 53 
f 55 57 54 
f 1792 50 1790 
f 1792 1791 50 
f 1793 1791 1792 
f 1793 1794 1791 
f 1795 1794 1793 
f 1795 1796 1794 
f 1788 1796 1795 
f 1788 52 1796 
f 52 1797 1796 
f 52 54 1797 
f 1798 54 57 
f 1798 1797 54 
f 1799 1797 1798 
f 1799 1786 1797 
f 1784 1786 1799 
f 57 1778 1798 
f 57 56 1778 
f 1800 1770 1789 
f 1800 1768 1770 
f 1801 1768 1800 
f 1801 1766 1768 
f 1802 1766 1801 
f 1802 1764 1766 
f 1787 1764 1802 
f 1787 1762 1764 
f 1794 1785 1791 
f 1794 1786 1785 
f 1796 1786 1794 
f 1796 1797 1786 
f 1799 1782 1784 
f 1799 1780 1782 
f 1798 1780 1799 
f 1798 1778 1780 
f 1803 1804 1805 
f 1806 1804 1803 
f 1806 1807 1804 
f 1808 1807 1806 
f 1808 1809 1807 
f 1810 1809 1808 
f 1810 1811 1809 
f 1812 1811 1810 
f 1812 1813 1811 
f 1814 1813 1812 
f 1814 1815 1813 
f 1816 1815 1814 
f 1816 1817 1815 
f 1818 1817 1816 
f 1818 1819 1817 
f 1820 1819 1818 
f 1820 1821 1819 
f 1822 1821 1820 
f 1822 1823 1821 
f 1824 1823 1822 
f 1824 1825 1823 
f 1826 1825 1824 
f 1826 1805 1825 
f 1803 1805 1826 
f 1827 1828 1829 
f 1830 1828 1827 
f 1830 1831 1828 
f 1832 1831 1830 
f 1832 1833 1831 
f 1834 1833 1832 
f 1834 1835 1833 
f 1836 1835 1834 
f 1836 1837 1835 
f 1838 1837 1836 
f 1838 1839 1837 
f 1840 1839 1838 
f 1840 1841 1839 
f 1842 1841 1840 
f 1842 1843 1841 
f 1844 1843 1842 
f 1844 1845 1843 
f 1846 1845 1844 
f 1846 1847 1845 
f 1848 1847 1846 
f 1848 1849 1847 
f 1850 1849 1848 
f 1850 1829 1849 
f 1827 1829 1850 
f 1851 1852 1853 
f 1851 1854 1852 
f 1855 1854 1851 
f 1854 1856 1852 
f 1854 1857 1856 
f 1855 1857 1854 
f 1857 1858 1856 
f 1857 1859 1858 
f 1855 1859 1857 
f 1859 1860 1858 
f 1859 1861 1860 
f 1855 1861 1859 
f 1862 1863 1864 
f 1865 1863 1862 
f 1865 1866 1863 
f 1867 1866 1865 
f 1867 1868 1866 
f 1869 1868 1867 
f 1869 1870 1868 
f 1871 1870 1869 
f 1871 1872 1870 
f 1873 1872 1871 
f 1873 1874 1872 
f 1875 1874 1873 
f 1875 1876 1874 
f 1877 1876 1875 
f 1877 1878 1876 
f 1879 1878 1877 
f 1879 1880 1878 
f 1881 1880 1879 
f 1881 1882 1880 
f 1883 1882 1881 
f 1883 1884 1882 
f 1885 1884 1883 
f 1885 1886 1884 
f 1887 1886 1885 
f 1887 1888 1886 
f 1889 1888 1887 
f 1889 1890 1888 
f 1891 1890 1889 
f 1891 1892 1890 
f 1893 1892 1891 
f 1893 1894 1892 
f 1895 1894 1893 
f 1895 1896 1894 
f 1897 1896 1895 
f 1897 1898 1896 
f 1899 1898 1897 
f 1899 1900 1898 
f 1901 1900 1899 
f 1901 1864 1900 
f 1862 1864 1901 
f 1902 1903 1904 
f 1905 1903 1902 
f 1905 1906 1903 
f 1907 1906 1905 
f 1907 1908 1906 
f 1909 1908 1907 
f 1909 1910 1908 
f 1911 1910 1909 
f 1911 1912 1910 
f 1913 1912 1911 
f 1913 1914 1912 
f 1915 1914 1913 
f 1915 1916 1914 
f 1917 1916 1915 
f 1917 1918 1916 
f 1919 1918 1917 
f 1919 1920 1918 
f 1921 1920 1919 
f 1921 1922 1920 
f 1923 1922 1921 
f 1923 1924 1922 
f 1925 1924 1923 
f 1925 1926 1924 
f 1927 1926 1925 
f 1927 1928 1926 
f 1929 1928 1927 
f 1929 1930 1928 
f 1931 1930 1929 
f 1931 1932 1930 
f 1933 1932 1931 
f 1933 1934 1932 
f 1935 1934 1933 
f 1935 1936 1934 
f 1937 1936 1935 
f 1937 1938 1936 
f 1939 1938 1937 
f 1939 1940 1938 
f 1941 1940 1939 
f 1941 1904 1940 
f 1902 1904 1941 
f 1942 1904 1943 
f 1942 1940 1904 
f 1944 1940 1942 
f 1944 1938 1940 
f 1945 1938 1944 
f 1945 1936 1938 
f 1946 1936 1945 
f 1946 1934 1936 
f 1947 1934 1946 
f 1947 1932 1934 
f 1948 1932 1947 
f 1948 1930 1932 
f 1949 1930 1948 
f 1949 1928 1930 
f 1950 1928 1949 
f 1950 1926 1928 
f 1951 1926 1950 
f 1951 1924 1926 
f 1952 1924 1951 
f 1952 1922 1924 
f 1953 1922 1952 
f 1953 1920 1922 
f 1954 1920 1953 
f 1954 1918 1920 
f 1955 1918 1954 
f 1955 1916 1918 
f 1956 1916 1955 
f 1956 1914 1916 
f 1957 1914 1956 
f 1957 1912 1914 
f 1958 1912 1957 
f 1958 1910 1912 
f 1959 1910 1958 
f 1959 1908 1910 
f 1960 1908 1959 
f 1960 1906 1908 
f 1961 1906 1960 
f 1961 1903 1906 
f 1943 1903 1961 
f 1943 1904 1903 
f 1860 1902 1858 
f 1860 1905 1902 
f 1962 1905 1860 
f 1962 1907 1905 
f 1963 1907 1962 
f 1963 1909 1907 
f 1964 1909 1963 
f 1964 1911 1909 
f 1965 1911 1964 
f 1965 1913 1911 
f 1966 1913 1965 
f 1966 1915 1913 
f 1967 1915 1966 
f 1967 1917 1915 
f 1968 1917 1967 
f 1968 1919 1917 
f 1969 1919 1968 
f 1969 1921 1919 
f 1970 1921 1969 
f 1970 1923 1921 
f 1971 1923 1970 
f 1971 1925 1923 
f 1972 1925 1971 
f 1972 1927 1925 
f 1973 1927 1972 
f 1973 1929 1927 
f 1974 1929 1973 
f 1974 1931 1929 
f 1975 1931 1974 
f 1975 1933 1931 
f 1976 1933 1975 
f 1976 1935 1933 
f 1853 1935 1976 
f 1853 1937 1935 
f 1852 1937 1853 
f 1852 1939 1937 
f 1856 1939 1852 
f 1856 1941 1939 
f 1858 1941 1856 
f 1858 1902 1941 
f 1977 119 144 
f 1977 117 119 
f 1978 117 1977 
f 1978 121 117 
f 1979 121 1978 
f 1979 123 121 
f 1980 123 1979 
f 1980 125 123 
f 1981 125 1980 
f 1981 127 125 
f 130 127 1981 
f 108 144 110 
f 108 1977 144 
f 106 1977 108 
f 106 1978 1977 
f 104 1978 106 
f 104 1979 1978 
f 102 1979 104 
f 102 1980 1979 
f 98 1980 102 
f 98 1981 1980 
f 100 1981 98 
f 100 130 1981 
f 78 76 74 
f 78 83 76 
f 80 83 78 
f 80 81 83 
f 77 92 79 
f 113 92 77 
f 113 90 92 
f 114 90 113 
f 114 88 90 
f 115 88 114 
f 115 86 88 
f 116 86 115 
f 144 141 110 
f 143 141 144 
f 143 140 141 
f 142 140 143 
f 142 116 140 
f 86 116 142 
f 75 132 133 
f 82 132 75 
f 82 131 132 
f 84 131 82 
f 84 129 131 
f 62 129 84 
f 1982 146 1983 
f 1982 156 146 
f 1984 156 1982 
f 1984 164 156 
f 1985 164 1984 
f 1985 162 164 
f 1986 162 1985 
f 1986 160 162 
f 1987 160 1986 
f 1987 158 160 
f 1988 158 1987 
f 1988 168 158 
f 1989 168 1988 
f 1989 152 168 
f 1990 152 1989 
f 1990 150 152 
f 1991 150 1990 
f 1991 148 150 
f 1983 148 1991 
f 1983 146 148 
f 164 154 156 
f 163 154 164 
f 163 155 154 
f 1992 155 163 
f 149 169 151 
f 149 1993 169 
f 145 1993 149 
f 145 1994 1993 
f 147 1994 145 
f 147 153 1994 
f 161 1992 163 
f 161 1995 1992 
f 157 1995 161 
f 157 1996 1995 
f 159 1996 157 
f 159 165 1996 
f 175 194 172 
f 175 196 194 
f 177 196 175 
f 177 198 196 
f 179 198 177 
f 179 200 198 
f 181 200 179 
f 181 202 200 
f 183 202 181 
f 183 204 202 
f 185 204 183 
f 185 206 204 
f 188 206 185 
f 188 208 206 
f 186 208 188 
f 186 192 208 
f 170 192 186 
f 170 190 192 
f 172 190 170 
f 172 194 190 
f 169 171 167 
f 169 174 171 
f 1993 174 169 
f 1993 176 174 
f 1994 176 1993 
f 1994 178 176 
f 153 178 1994 
f 153 180 178 
f 155 180 153 
f 155 182 180 
f 1992 182 155 
f 1992 184 182 
f 1995 184 1992 
f 1995 189 184 
f 1996 189 1995 
f 1996 187 189 
f 165 187 1996 
f 165 173 187 
f 167 173 165 
f 167 171 173 
f 254 226 251 
f 254 224 226 
f 261 224 254 
f 261 222 224 
f 259 222 261 
f 259 220 222 
f 256 220 259 
f 256 218 220 
f 265 218 256 
f 265 216 218 
f 262 216 265 
f 262 214 216 
f 269 214 262 
f 269 211 214 
f 267 211 269 
f 267 212 211 
f 252 212 267 
f 252 228 212 
f 251 228 252 
f 251 226 228 
f 253 249 255 
f 253 242 249 
f 250 242 253 
f 250 245 242 
f 266 245 250 
f 266 247 245 
f 268 247 266 
f 268 238 247 
f 264 238 268 
f 264 241 238 
f 263 241 264 
f 263 230 241 
f 258 230 263 
f 258 233 230 
f 257 233 258 
f 257 235 233 
f 260 235 257 
f 260 237 235 
f 255 237 260 
f 255 249 237 
f 280 278 279 
f 280 276 278 
f 284 285 282 
f 284 286 285 
f 283 286 284 
f 1997 271 272 
f 1997 288 271 
f 287 288 1997 
f 289 273 270 
f 289 275 273 
f 277 275 289 
f 1998 328 340 
f 1998 326 328 
f 323 326 1998 
f 1998 324 323 
f 1998 331 324 
f 332 331 1998 
f 1998 338 332 
f 1998 335 338 
f 336 335 1998 
f 1998 340 336 
f 1999 327 325 
f 1999 329 327 
f 341 329 1999 
f 1999 333 330 
f 1999 322 333 
f 325 322 1999 
f 1999 337 334 
f 1999 339 337 
f 330 339 1999 
f 1999 334 341 
f 2000 348 360 
f 2000 346 348 
f 343 346 2000 
f 2000 344 343 
f 2000 351 344 
f 352 351 2000 
f 2000 358 352 
f 2000 355 358 
f 356 355 2000 
f 2000 360 356 
f 2001 347 345 
f 2001 349 347 
f 361 349 2001 
f 2001 353 350 
f 2001 342 353 
f 345 342 2001 
f 2001 357 354 
f 2001 359 357 
f 350 359 2001 
f 2001 354 361 
f 2002 368 380 
f 2002 366 368 
f 363 366 2002 
f 2002 364 363 
f 2002 371 364 
f 372 371 2002 
f 2002 378 372 
f 2002 375 378 
f 376 375 2002 
f 2002 380 376 
f 2003 367 365 
f 2003 369 367 
f 381 369 2003 
f 2003 373 370 
f 2003 362 373 
f 365 362 2003 
f 2003 377 374 
f 2003 379 377 
f 370 379 2003 
f 2003 374 381 
f 2004 385 406 
f 2004 387 385 
f 2005 387 2004 
f 2005 389 387 
f 2006 389 2005 
f 2006 391 389 
f 2007 391 2006 
f 2007 393 391 
f 2008 393 2007 
f 2008 395 393 
f 2009 395 2008 
f 2009 397 395 
f 2010 397 2009 
f 2010 399 397 
f 2011 399 2010 
f 2011 401 399 
f 2012 401 2011 
f 2012 403 401 
f 2013 403 2012 
f 2013 405 403 
f 2014 405 2013 
f 2014 2015 405 
f 2016 2015 2014 
f 2016 2017 2015 
f 2018 2017 2016 
f 2018 2019 2017 
f 2020 2019 2018 
f 2020 2021 2019 
f 2022 2021 2020 
f 2022 2023 2021 
f 2024 2023 2022 
f 2024 2025 2023 
f 2026 2025 2024 
f 2026 2027 2025 
f 2016 2027 2026 
f 2016 2014 2027 
f 523 616 521 
f 2028 616 523 
f 2028 618 616 
f 2029 618 2028 
f 2029 620 618 
f 2030 620 2029 
f 2030 622 620 
f 2031 622 2030 
f 2031 624 622 
f 2032 624 2031 
f 2032 626 624 
f 2033 626 2032 
f 2033 628 626 
f 2034 628 2033 
f 2034 630 628 
f 2035 630 2034 
f 2035 597 630 
f 596 597 2035 
f 410 450 408 
f 2036 919 917 
f 2036 921 919 
f 2037 921 2036 
f 2037 923 921 
f 2038 923 2037 
f 2038 949 923 
f 2039 949 2038 
f 2039 2040 949 
f 2041 2040 2039 
f 2041 871 2040 
f 869 871 2041 
f 2042 588 896 
f 2042 587 588 
f 2043 587 2042 
f 2043 589 587 
f 2044 589 2043 
f 2044 590 589 
f 631 590 2044 
f 631 591 590 
f 2045 968 877 
f 2045 966 968 
f 2046 966 2045 
f 2046 2047 966 
f 2048 2047 2046 
f 2048 2049 2047 
f 890 2049 2048 
f 890 704 2049 
f 2050 915 913 
f 2050 917 915 
f 2051 917 2050 
f 2051 2036 917 
f 852 2036 2051 
f 852 2037 2036 
f 850 2037 852 
f 850 2038 2037 
f 848 2038 850 
f 848 2039 2038 
f 846 2039 848 
f 846 2041 2039 
f 844 2041 846 
f 844 869 2041 
f 842 869 844 
f 864 2052 866 
f 864 912 2052 
f 862 912 864 
f 862 910 912 
f 860 910 862 
f 860 913 910 
f 858 913 860 
f 858 2050 913 
f 856 2050 858 
f 856 2051 2050 
f 854 2051 856 
f 854 852 2051 
f 643 2053 641 
f 645 2053 643 
f 645 2054 2053 
f 647 2054 645 
f 647 2055 2054 
f 649 2055 647 
f 649 2056 2055 
f 651 2056 649 
f 651 2057 2056 
f 653 2057 651 
f 653 2058 2057 
f 655 2058 653 
f 655 507 2058 
f 657 507 655 
f 2059 2060 2061 
f 2059 863 2060 
f 2062 863 2059 
f 2062 2063 863 
f 2064 2063 2062 
f 2064 2065 2063 
f 2066 2065 2064 
f 2066 2067 2065 
f 2068 2067 2066 
f 2068 2069 2067 
f 2070 2069 2068 
f 2070 2071 2069 
f 644 2071 2070 
f 644 642 2071 
f 2072 2073 664 
f 2072 2074 2073 
f 2075 2074 2072 
f 763 2076 491 
f 661 2076 763 
f 661 2077 2076 
f 660 2077 661 
f 660 2078 2077 
f 2079 2078 660 
f 2079 2080 2078 
f 2081 2080 2079 
f 2081 2082 2080 
f 2083 2082 2081 
f 2083 2084 2082 
f 2085 2084 2083 
f 2085 2086 2084 
f 2087 2086 2085 
f 2087 2088 2086 
f 2089 2088 2087 
f 2089 2090 2088 
f 898 2090 2089 
f 898 2091 2090 
f 2092 2091 898 
f 2092 818 2091 
f 820 818 2092 
f 16 467 469 
f 878 467 16 
f 878 471 467 
f 879 471 878 
f 879 473 471 
f 881 473 879 
f 2093 813 815 
f 2093 811 813 
f 809 811 2093 
f 2093 807 809 
f 2093 805 807 
f 803 805 2093 
f 2093 819 821 
f 2093 817 819 
f 815 817 2093 
f 2093 801 803 
f 2093 2094 801 
f 2095 2094 2093 
f 2096 16 469 
f 2096 14 16 
f 2093 14 2096 
f 2093 2097 14 
f 821 2097 2093 
f 821 15 2097 
f 529 2098 527 
f 2099 2098 529 
f 2099 2100 2098 
f 2101 2100 2099 
f 2101 2102 2100 
f 2103 2102 2101 
f 2103 2104 2102 
f 2105 2104 2103 
f 2105 2106 2104 
f 2107 2106 2105 
f 2107 2108 2106 
f 2109 2108 2107 
f 2109 2035 2108 
f 2110 2035 2109 
f 2110 596 2035 
f 595 596 2110 
f 2111 541 543 
f 2111 2112 541 
f 2113 2112 2111 
f 2113 2114 2112 
f 2115 2114 2113 
f 2115 2116 2114 
f 2117 2116 2115 
f 2117 2118 2116 
f 2119 2118 2117 
f 2119 2120 2118 
f 2121 2120 2119 
f 2121 2122 2120 
f 2123 2122 2121 
f 2123 2124 2122 
f 594 2124 2123 
f 594 595 2124 
f 2125 543 545 
f 2125 2111 543 
f 2126 2111 2125 
f 2126 2113 2111 
f 2127 2113 2126 
f 2127 2115 2113 
f 2128 2115 2127 
f 2128 2117 2115 
f 2129 2117 2128 
f 2129 2119 2117 
f 2130 2119 2129 
f 2130 2121 2119 
f 2131 2121 2130 
f 2131 2123 2121 
f 593 2123 2131 
f 593 594 2123 
f 2132 545 547 
f 2132 2125 545 
f 2133 2125 2132 
f 2133 2126 2125 
f 2134 2126 2133 
f 2134 2127 2126 
f 2135 2127 2134 
f 2135 2128 2127 
f 2136 2128 2135 
f 2136 2129 2128 
f 2137 2129 2136 
f 2137 2130 2129 
f 2138 2130 2137 
f 2138 2131 2130 
f 592 2131 2138 
f 592 593 2131 
f 2139 547 549 
f 2139 2132 547 
f 2140 2132 2139 
f 2140 2133 2132 
f 2141 2133 2140 
f 2141 2134 2133 
f 2142 2134 2141 
f 2142 2135 2134 
f 2143 2135 2142 
f 2143 2136 2135 
f 2144 2136 2143 
f 2144 2137 2136 
f 2145 2137 2144 
f 2145 2138 2137 
f 3 2138 2145 
f 3 592 2138 
f 493 445 447 
f 2146 549 551 
f 2146 2139 549 
f 2147 2139 2146 
f 2147 2140 2139 
f 2148 2140 2147 
f 2148 2141 2140 
f 2149 2141 2148 
f 2149 2142 2141 
f 2150 2142 2149 
f 2150 2143 2142 
f 2151 2143 2150 
f 2151 2144 2143 
f 2152 2144 2151 
f 2152 2145 2144 
f 2153 2145 2152 
f 2153 3 2145 
f 1 3 2153 
f 598 2154 943 
f 599 2154 598 
f 599 2153 2154 
f 1 2153 599 
f 553 551 552 
f 553 2146 551 
f 554 2146 553 
f 554 2147 2146 
f 555 2147 554 
f 555 2148 2147 
f 556 2148 555 
f 556 2149 2148 
f 557 2149 556 
f 557 2150 2149 
f 558 2150 557 
f 558 2151 2150 
f 559 2151 558 
f 559 2152 2151 
f 560 2152 559 
f 560 2153 2152 
f 561 2153 560 
f 561 2154 2153 
f 562 2154 561 
f 562 943 2154 
f 2155 485 483 
f 2155 2156 485 
f 2157 2156 2155 
f 2157 2158 2156 
f 2159 2158 2157 
f 2159 2160 2158 
f 2161 2160 2159 
f 2161 2162 2160 
f 2163 2162 2161 
f 2163 2164 2162 
f 2165 2164 2163 
f 2165 2166 2164 
f 2167 2166 2165 
f 2167 2168 2166 
f 2169 2168 2167 
f 2169 2170 2168 
f 2171 2170 2169 
f 2171 2172 2170 
f 2173 2172 2171 
f 2173 2174 2172 
f 2175 2174 2173 
f 2175 2176 2174 
f 2177 2176 2175 
f 2177 2178 2176 
f 2179 2178 2177 
f 2179 2180 2178 
f 2181 2180 2179 
f 2181 2182 2180 
f 2183 2182 2181 
f 2183 2184 2182 
f 2185 2184 2183 
f 2185 2186 2184 
f 2187 2186 2185 
f 2187 2188 2186 
f 689 2188 2187 
f 689 2189 2188 
f 687 2189 689 
f 687 2190 2189 
f 2191 2190 687 
f 2191 538 2190 
f 2192 538 2191 
f 2192 540 538 
f 2193 540 2192 
f 2193 542 540 
f 2194 542 2193 
f 2194 544 542 
f 2195 544 2194 
f 2195 546 544 
f 2196 546 2195 
f 2196 548 546 
f 2197 548 2196 
f 2197 550 548 
f 2198 550 2197 
f 2198 384 550 
f 382 384 2198 
f 2021 2199 2019 
f 2200 2199 2021 
f 2200 2201 2199 
f 2202 2201 2200 
f 2202 2203 2201 
f 2204 2203 2202 
f 2204 2205 2203 
f 2206 2205 2204 
f 2206 2207 2205 
f 2208 2207 2206 
f 2208 2209 2207 
f 2210 2209 2208 
f 2210 2211 2209 
f 2212 2211 2210 
f 2212 2213 2211 
f 2214 2213 2212 
f 2214 672 2213 
f 671 672 2214 
f 685 2191 687 
f 685 2192 2191 
f 683 2192 685 
f 683 2193 2192 
f 681 2193 683 
f 681 2194 2193 
f 679 2194 681 
f 679 2195 2194 
f 677 2195 679 
f 677 2196 2195 
f 675 2196 677 
f 675 2197 2196 
f 673 2197 675 
f 673 2198 2197 
f 670 2198 673 
f 670 382 2198 
f 406 382 670 
f 406 2215 2004 
f 671 2215 406 
f 671 2216 2215 
f 2214 2216 671 
f 2214 2217 2216 
f 2212 2217 2214 
f 2212 2218 2217 
f 2210 2218 2212 
f 2210 2219 2218 
f 2208 2219 2210 
f 2208 2220 2219 
f 2206 2220 2208 
f 2206 2221 2220 
f 2204 2221 2206 
f 2204 2222 2221 
f 2202 2222 2204 
f 2202 2223 2222 
f 2200 2223 2202 
f 2200 2023 2223 
f 2021 2023 2200 
f 891 700 702 
f 2224 700 891 
f 2224 698 700 
f 6 698 2224 
f 6 696 698 
f 604 696 6 
f 604 2225 696 
f 603 2225 604 
f 603 2226 2225 
f 602 2226 603 
f 602 2227 2226 
f 601 2227 602 
f 601 2228 2227 
f 600 2228 601 
f 600 935 2228 
f 7 935 600 
f 2162 2229 2160 
f 2230 2229 2162 
f 2230 508 2229 
f 2231 508 2230 
f 2231 506 508 
f 2232 506 2231 
f 2232 510 506 
f 2233 510 2232 
f 2233 512 510 
f 2234 512 2233 
f 2234 514 512 
f 2235 514 2234 
f 2235 516 514 
f 518 516 2235 
f 2164 2230 2162 
f 2164 2236 2230 
f 2166 2236 2164 
f 2166 2237 2236 
f 2168 2237 2166 
f 2168 2238 2237 
f 2170 2238 2168 
f 2170 2239 2238 
f 2172 2239 2170 
f 2172 2235 2239 
f 2240 2235 2172 
f 2240 518 2235 
f 2241 518 2240 
f 2241 520 518 
f 2242 520 2241 
f 2242 522 520 
f 2243 522 2242 
f 2243 524 522 
f 2244 524 2243 
f 2244 526 524 
f 2245 526 2244 
f 2245 528 526 
f 2246 528 2245 
f 2246 530 528 
f 2247 530 2246 
f 2247 532 530 
f 2248 532 2247 
f 2248 534 532 
f 2190 534 2248 
f 2190 536 534 
f 538 536 2190 
f 2224 4 6 
f 2224 607 4 
f 893 607 2224 
f 893 606 607 
f 2249 489 487 
f 2249 2250 489 
f 2251 2250 2249 
f 2251 2252 2250 
f 2229 2252 2251 
f 2229 508 2252 
f 2253 2254 2255 
f 2256 2254 2253 
f 2256 2072 2254 
f 2075 2072 2256 
f 816 2091 818 
f 816 2090 2091 
f 814 2090 816 
f 814 2088 2090 
f 812 2088 814 
f 812 2086 2088 
f 810 2086 812 
f 810 2084 2086 
f 808 2084 810 
f 808 2082 2084 
f 806 2082 808 
f 806 2080 2082 
f 804 2080 806 
f 804 2078 2080 
f 802 2078 804 
f 802 2077 2078 
f 799 2077 802 
f 799 2076 2077 
f 490 2076 799 
f 490 491 2076 
f 472 2257 470 
f 474 2257 472 
f 474 2258 2257 
f 476 2258 474 
f 476 2259 2258 
f 478 2259 476 
f 478 2260 2259 
f 480 2260 478 
f 480 2261 2260 
f 482 2261 480 
f 482 2262 2261 
f 484 2262 482 
f 484 2263 2262 
f 486 2263 484 
f 486 2264 2263 
f 488 2264 486 
f 488 800 2264 
f 490 800 488 
f 2093 2265 2266 
f 2093 2267 2265 
f 2268 2267 2093 
f 2093 2269 2095 
f 2093 2270 2269 
f 2266 2270 2093 
f 2093 468 2268 
f 2093 469 468 
f 2096 469 2093 
f 470 2268 468 
f 2257 2268 470 
f 2257 2267 2268 
f 2258 2267 2257 
f 2258 2265 2267 
f 2259 2265 2258 
f 2259 2266 2265 
f 2260 2266 2259 
f 2260 2270 2266 
f 2261 2270 2260 
f 2261 2269 2270 
f 2262 2269 2261 
f 2262 2095 2269 
f 2263 2095 2262 
f 2263 2094 2095 
f 2264 2094 2263 
f 2264 801 2094 
f 800 801 2264 
f 412 451 449 
f 414 451 412 
f 414 453 451 
f 416 453 414 
f 416 455 453 
f 418 455 416 
f 418 457 455 
f 420 457 418 
f 420 459 457 
f 422 459 420 
f 422 461 459 
f 424 461 422 
f 441 413 411 
f 2271 413 441 
f 2271 415 413 
f 2272 415 2271 
f 2272 417 415 
f 2273 417 2272 
f 2273 419 417 
f 2274 419 2273 
f 2274 421 419 
f 2275 421 2274 
f 2275 423 421 
f 2276 423 2275 
f 2276 425 423 
f 580 425 2276 
f 443 2271 441 
f 492 2271 443 
f 492 2272 2271 
f 494 2272 492 
f 494 2273 2272 
f 496 2273 494 
f 496 2274 2273 
f 498 2274 496 
f 498 2275 2274 
f 500 2275 498 
f 500 2276 2275 
f 502 2276 500 
f 502 580 2276 
f 504 580 502 
f 2277 2047 2049 
f 2277 2278 2047 
f 2279 2278 2277 
f 2279 2280 2278 
f 2281 2280 2279 
f 2281 2282 2280 
f 2283 2282 2281 
f 2283 2284 2282 
f 716 2284 2283 
f 716 2285 2284 
f 718 2285 716 
f 718 2286 2285 
f 720 2286 718 
f 720 2287 2286 
f 722 2287 720 
f 722 2288 2287 
f 724 2288 722 
f 724 2289 2288 
f 726 2289 724 
f 726 2290 2289 
f 728 2290 726 
f 728 776 2290 
f 2291 2284 2285 
f 2291 960 2284 
f 2292 960 2291 
f 2292 958 960 
f 2293 958 2292 
f 2293 956 958 
f 920 956 2293 
f 920 922 956 
f 577 495 493 
f 610 495 577 
f 610 497 495 
f 612 497 610 
f 612 499 497 
f 585 499 612 
f 897 2294 899 
f 2295 2294 897 
f 2295 2296 2294 
f 2297 2296 2295 
f 2297 2298 2296 
f 2060 2298 2297 
f 2060 2299 2298 
f 863 2299 2060 
f 863 2300 2299 
f 865 2300 863 
f 865 2301 2300 
f 867 2301 865 
f 867 777 2301 
f 776 777 867 
f 766 728 730 
f 764 2302 762 
f 2303 2302 764 
f 2303 2304 2302 
f 2305 2304 2303 
f 2305 734 2304 
f 733 734 2305 
f 2306 743 741 
f 2306 2307 743 
f 2308 2307 2306 
f 2308 2309 2307 
f 2310 2309 2308 
f 2310 2311 2309 
f 2312 2311 2310 
f 2312 2313 2311 
f 2314 2313 2312 
f 2314 2315 2313 
f 2316 2315 2314 
f 2316 764 2315 
f 2303 764 2316 
f 898 2295 897 
f 898 2297 2295 
f 2061 2297 898 
f 2061 2060 2297 
f 663 2072 664 
f 663 2254 2072 
f 666 2254 663 
f 666 2255 2254 
f 668 2255 666 
f 658 2079 660 
f 2317 2079 658 
f 2317 2081 2079 
f 2318 2081 2317 
f 2318 2083 2081 
f 2319 2083 2318 
f 2319 2085 2083 
f 2320 2085 2319 
f 2320 2087 2085 
f 2321 2087 2320 
f 2321 2089 2087 
f 2322 2089 2321 
f 2322 898 2089 
f 2061 898 2322 
f 2251 2160 2229 
f 2251 2158 2160 
f 2249 2158 2251 
f 2249 2156 2158 
f 487 2156 2249 
f 487 485 2156 
f 2187 691 689 
f 2187 2323 691 
f 2185 2323 2187 
f 2185 2324 2323 
f 2183 2324 2185 
f 2183 2325 2324 
f 2181 2325 2183 
f 2181 2326 2325 
f 2179 2326 2181 
f 2179 2327 2326 
f 2177 2327 2179 
f 2177 2328 2327 
f 2175 2328 2177 
f 2175 2329 2328 
f 2173 2329 2175 
f 2173 2330 2329 
f 2171 2330 2173 
f 2171 2331 2330 
f 2169 2331 2171 
f 2169 2332 2331 
f 2167 2332 2169 
f 2167 2333 2332 
f 2165 2333 2167 
f 2165 2334 2333 
f 2163 2334 2165 
f 2163 2335 2334 
f 2161 2335 2163 
f 2161 2336 2335 
f 2159 2336 2161 
f 2159 2337 2336 
f 2157 2337 2159 
f 2157 2338 2337 
f 2155 2338 2157 
f 2155 2339 2338 
f 483 2339 2155 
f 483 481 2339 
f 2340 481 479 
f 2340 2339 481 
f 2341 2339 2340 
f 2341 2338 2339 
f 2342 2338 2341 
f 2342 2337 2338 
f 2343 2337 2342 
f 2343 2336 2337 
f 2344 2336 2343 
f 2344 2335 2336 
f 2345 2335 2344 
f 2345 2334 2335 
f 2346 2334 2345 
f 2346 2333 2334 
f 2347 2333 2346 
f 2347 2332 2333 
f 2348 2332 2347 
f 2348 2331 2332 
f 2330 2331 2348 
f 2349 695 693 
f 2349 697 695 
f 2350 697 2349 
f 2350 699 697 
f 2351 699 2350 
f 2351 701 699 
f 2352 701 2351 
f 2352 703 701 
f 2353 703 2352 
f 2353 705 703 
f 2354 705 2353 
f 2354 707 705 
f 2355 707 2354 
f 2355 709 707 
f 2356 709 2355 
f 2356 711 709 
f 2348 711 2356 
f 2348 713 711 
f 2347 713 2348 
f 2347 715 713 
f 2346 715 2347 
f 2346 2357 715 
f 2345 2357 2346 
f 2345 2358 2357 
f 2344 2358 2345 
f 2344 2359 2358 
f 2343 2359 2344 
f 2343 2360 2359 
f 2342 2360 2343 
f 2342 2361 2360 
f 2341 2361 2342 
f 2341 2362 2361 
f 2340 2362 2341 
f 2340 2363 2362 
f 479 2363 2340 
f 479 477 2363 
f 2357 717 715 
f 2357 719 717 
f 2358 719 2357 
f 2358 721 719 
f 2359 721 2358 
f 2359 723 721 
f 2360 723 2359 
f 2360 725 723 
f 2361 725 2360 
f 2361 727 725 
f 2362 727 2361 
f 2362 729 727 
f 2363 729 2362 
f 2363 731 729 
f 477 731 2363 
f 477 475 731 
f 464 882 463 
f 771 882 464 
f 771 883 882 
f 769 883 771 
f 769 885 883 
f 767 885 769 
f 767 887 885 
f 765 887 767 
f 765 473 887 
f 732 473 765 
f 744 2073 746 
f 737 2073 744 
f 737 664 2073 
f 735 664 737 
f 735 662 664 
f 665 662 735 
f 754 2255 668 
f 754 2253 2255 
f 752 2253 754 
f 752 2256 2253 
f 750 2256 752 
f 750 2075 2256 
f 748 2075 750 
f 748 2074 2075 
f 746 2074 748 
f 746 2073 2074 
f 745 741 739 
f 745 2306 741 
f 747 2306 745 
f 747 2308 2306 
f 749 2308 747 
f 749 2310 2308 
f 751 2310 749 
f 751 2312 2310 
f 753 2312 751 
f 753 2364 2312 
f 755 2364 753 
f 755 2365 2364 
f 756 2365 755 
f 756 2305 2365 
f 733 2305 756 
f 2364 2314 2312 
f 2364 2316 2314 
f 2365 2316 2364 
f 2365 2303 2316 
f 2305 2303 2365 
f 2313 2250 2252 
f 2313 489 2250 
f 2315 489 2313 
f 2315 491 489 
f 764 491 2315 
f 2252 2311 2313 
f 2252 2309 2311 
f 508 2309 2252 
f 508 2307 2309 
f 743 2307 508 
f 772 2366 770 
f 773 2366 772 
f 773 2367 2366 
f 774 2367 773 
f 2368 774 439 
f 2368 2367 774 
f 908 2367 2368 
f 908 907 2367 
f 779 2301 777 
f 779 2369 2301 
f 781 2369 779 
f 781 2370 2369 
f 783 2370 781 
f 783 2371 2370 
f 785 2371 783 
f 785 2372 2371 
f 787 2372 785 
f 787 2373 2372 
f 788 2373 787 
f 788 900 2373 
f 789 900 788 
f 464 465 771 
f 786 431 632 
f 786 433 431 
f 784 433 786 
f 784 432 433 
f 782 432 784 
f 2374 888 889 
f 2374 886 888 
f 2375 886 2374 
f 2375 884 886 
f 2376 884 2375 
f 2376 10 884 
f 11 10 2376 
f 2040 951 949 
f 2040 873 951 
f 871 873 2040 
f 2278 966 2047 
f 2278 964 966 
f 2280 964 2278 
f 2280 962 964 
f 2282 962 2280 
f 2282 960 962 
f 2284 960 2282 
f 825 2377 826 
f 880 2377 825 
f 880 822 2377 
f 823 822 880 
f 909 835 837 
f 909 2368 835 
f 908 2368 909 
f 2293 918 920 
f 2378 918 2293 
f 2378 916 918 
f 2379 916 2378 
f 2379 914 916 
f 2380 914 2379 
f 2380 911 914 
f 2381 911 2380 
f 2381 912 911 
f 2052 912 2381 
f 925 794 790 
f 925 973 794 
f 927 973 925 
f 2382 840 629 
f 2382 868 840 
f 2383 868 2382 
f 2383 870 868 
f 2384 870 2383 
f 2384 872 870 
f 2385 872 2384 
f 2385 874 872 
f 2386 874 2385 
f 2386 876 874 
f 2385 896 2386 
f 2385 2042 896 
f 2384 2042 2385 
f 2384 2043 2042 
f 2383 2043 2384 
f 2383 2044 2043 
f 2382 2044 2383 
f 2382 631 2044 
f 629 631 2382 
f 2387 2019 2199 
f 2387 2017 2019 
f 2388 2017 2387 
f 2388 2015 2017 
f 2389 2015 2388 
f 2389 405 2015 
f 404 405 2389 
f 2376 834 11 
f 2376 833 834 
f 2375 833 2376 
f 2375 831 833 
f 2374 831 2375 
f 2374 829 831 
f 889 829 2374 
f 889 827 829 
f 439 835 2368 
f 867 2390 776 
f 866 2390 867 
f 866 2391 2390 
f 2052 2391 866 
f 2052 2392 2391 
f 2381 2392 2052 
f 2381 2393 2392 
f 2380 2393 2381 
f 2380 2394 2393 
f 2379 2394 2380 
f 2379 2395 2394 
f 2378 2395 2379 
f 2378 2292 2395 
f 2293 2292 2378 
f 973 796 794 
f 2396 895 894 
f 2396 2397 895 
f 2045 2397 2396 
f 2045 876 2397 
f 877 876 2045 
f 2386 2397 876 
f 2386 895 2397 
f 896 895 2386 
f 14 2097 15 
f 820 2377 822 
f 2092 2377 820 
f 2092 826 2377 
f 898 826 2092 
f 430 836 427 
f 430 837 836 
f 432 837 430 
f 676 2398 674 
f 2399 2398 676 
f 2399 2400 2398 
f 2401 2400 2399 
f 2401 2402 2400 
f 2403 2402 2401 
f 2403 2404 2402 
f 2405 2404 2403 
f 2405 2406 2404 
f 937 2406 2405 
f 937 2407 2406 
f 938 2407 937 
f 938 2408 2407 
f 939 2408 938 
f 939 2409 2408 
f 940 2409 939 
f 940 2410 2409 
f 941 2410 940 
f 941 2411 2410 
f 942 2411 941 
f 942 562 2411 
f 943 562 942 
f 2408 2199 2201 
f 2408 2387 2199 
f 2409 2387 2408 
f 2409 2388 2387 
f 2410 2388 2409 
f 2410 2389 2388 
f 2411 2389 2410 
f 2411 404 2389 
f 562 404 2411 
f 985 795 797 
f 985 793 795 
f 983 793 985 
f 983 791 793 
f 945 926 924 
f 1003 2412 1005 
f 1019 2412 1003 
f 1019 2413 2412 
f 1020 2413 1019 
f 1020 1015 2413 
f 1017 1015 1020 
f 1010 1006 1008 
f 1010 2414 1006 
f 1012 2414 1010 
f 1012 2415 2414 
f 1016 2415 1012 
f 1016 1018 2415 
f 2416 993 1004 
f 2416 996 993 
f 2417 996 2416 
f 2417 998 996 
f 987 998 2417 
f 2414 1004 1006 
f 2414 2416 1004 
f 2415 2416 2414 
f 2415 2417 2416 
f 1018 2417 2415 
f 1018 987 2417 
f 1005 1009 1007 
f 2412 1009 1005 
f 2412 1011 1009 
f 2413 1011 2412 
f 2413 1013 1011 
f 1015 1013 2413 
f 1014 1016 1012 
f 2418 1029 1027 
f 2418 1035 1029 
f 2419 1035 2418 
f 2419 1043 1035 
f 2420 1043 2419 
f 2420 1041 1043 
f 2421 1041 2420 
f 2421 1039 1041 
f 2422 1039 2421 
f 2422 1037 1039 
f 2423 1037 2422 
f 2423 1023 1037 
f 1021 1023 2423 
f 2424 1047 1022 
f 2424 1051 1047 
f 1028 1051 2424 
f 1028 1030 1051 
f 2425 1059 2426 
f 2425 1064 1059 
f 2427 1064 2425 
f 2427 1062 1064 
f 2428 1062 2427 
f 2428 1070 1062 
f 2429 1070 2428 
f 2429 1068 1070 
f 2430 1068 2429 
f 2430 1066 1068 
f 2431 1066 2430 
f 2431 1074 1066 
f 2432 1074 2431 
f 2432 1072 1074 
f 2433 1072 2432 
f 2433 1057 1072 
f 2434 1057 2433 
f 2434 1055 1057 
f 2426 1055 2434 
f 2426 1059 1055 
f 2435 1076 2436 
f 2435 1077 1076 
f 2437 1077 2435 
f 2437 1092 1077 
f 2438 1092 2437 
f 2438 1094 1092 
f 2439 1094 2438 
f 2439 1085 1094 
f 2440 1085 2439 
f 2440 1088 1085 
f 2441 1088 2440 
f 2441 1090 1088 
f 2442 1090 2441 
f 2442 1081 1090 
f 2443 1081 2442 
f 2443 1084 1081 
f 2444 1084 2443 
f 2444 1079 1084 
f 2436 1079 2444 
f 2436 1076 1079 
f 1302 2445 2446 
f 1301 2445 1302 
f 1301 2447 2445 
f 1304 2447 1301 
f 1304 2448 2447 
f 1306 2448 1304 
f 1306 2449 2448 
f 1308 2449 1306 
f 1308 2450 2449 
f 1310 2450 1308 
f 1310 2451 2450 
f 1312 2451 1310 
f 1312 2452 2451 
f 1314 2452 1312 
f 1314 2453 2452 
f 1316 2453 1314 
f 1316 2454 2453 
f 1318 2454 1316 
f 1318 2455 2454 
f 1320 2455 1318 
f 1320 2456 2455 
f 1322 2456 1320 
f 1322 2446 2456 
f 1302 2446 1322 
f 2446 2457 2458 
f 2445 2457 2446 
f 2445 2459 2457 
f 2447 2459 2445 
f 2447 2460 2459 
f 2448 2460 2447 
f 2448 2461 2460 
f 2449 2461 2448 
f 2449 2462 2461 
f 2450 2462 2449 
f 2450 2463 2462 
f 2451 2463 2450 
f 2451 2464 2463 
f 2452 2464 2451 
f 2452 2465 2464 
f 2453 2465 2452 
f 2453 2466 2465 
f 2454 2466 2453 
f 2454 2467 2466 
f 2455 2467 2454 
f 2455 2468 2467 
f 2456 2468 2455 
f 2456 2458 2468 
f 2446 2458 2456 
f 2458 2469 2470 
f 2457 2469 2458 
f 2457 2471 2469 
f 2459 2471 2457 
f 2459 2472 2471 
f 2460 2472 2459 
f 2460 2473 2472 
f 2461 2473 2460 
f 2461 2474 2473 
f 2462 2474 2461 
f 2462 2475 2474 
f 2463 2475 2462 
f 2463 2476 2475 
f 2464 2476 2463 
f 2464 2477 2476 
f 2465 2477 2464 
f 2465 2478 2477 
f 2466 2478 2465 
f 2466 2479 2478 
f 2467 2479 2466 
f 2467 2480 2479 
f 2468 2480 2467 
f 2468 2470 2480 
f 2458 2470 2468 
f 2470 1117 1097 
f 2469 1117 2470 
f 2469 1115 1117 
f 2471 1115 2469 
f 2471 1113 1115 
f 2472 1113 2471 
f 2472 1111 1113 
f 2473 1111 2472 
f 2473 1109 1111 
f 2474 1109 2473 
f 2474 1107 1109 
f 2475 1107 2474 
f 2475 1105 1107 
f 2476 1105 2475 
f 2476 1103 1105 
f 2477 1103 2476 
f 2477 1101 1103 
f 2478 1101 2477 
f 2478 1099 1101 
f 2479 1099 2478 
f 2479 1096 1099 
f 2480 1096 2479 
f 2480 1097 1096 
f 2470 1097 2480 
f 2481 1110 1108 
f 2481 1112 1110 
f 1114 1112 2481 
f 2481 1104 1102 
f 2481 1106 1104 
f 1108 1106 2481 
f 2481 1098 1095 
f 2481 1100 1098 
f 1102 1100 2481 
f 2481 1116 1114 
f 2481 1118 1116 
f 1095 1118 2481 
f 2482 1128 1126 
f 2482 1130 1128 
f 1132 1130 2482 
f 2482 1134 1132 
f 2482 1136 1134 
f 1138 1136 2482 
f 2482 1140 1138 
f 2482 1142 1140 
f 1119 1142 2482 
f 2482 1122 1119 
f 2482 1124 1122 
f 1126 1124 2482 
f 1309 1296 1311 
f 1309 1297 1296 
f 1307 1297 1309 
f 1307 1298 1297 
f 1305 1298 1307 
f 1305 1299 1298 
f 1303 1299 1305 
f 1303 17 1299 
f 1300 17 1303 
f 1300 1289 17 
f 1323 1289 1300 
f 1323 1290 1289 
f 1321 1290 1323 
f 1321 1291 1290 
f 1319 1291 1321 
f 1319 1292 1291 
f 1317 1292 1319 
f 1317 1293 1292 
f 1315 1293 1317 
f 1315 1294 1293 
f 1313 1294 1315 
f 1313 1295 1294 
f 1311 1295 1313 
f 1311 1296 1295 
f 1373 1420 1371 
f 1417 1420 1373 
f 1417 1423 1420 
f 1419 1423 1417 
f 1419 1425 1423 
f 1327 1425 1419 
f 1327 1405 1425 
f 1340 1405 1327 
f 2483 1339 2484 
f 2483 1340 1339 
f 2485 1340 2483 
f 2485 1465 1340 
f 1338 2484 1339 
f 1338 1404 2484 
f 1341 1404 1338 
f 2486 1404 1359 
f 2486 2484 1404 
f 2487 2484 2486 
f 2487 2483 2484 
f 1368 1358 1365 
f 1368 1359 1358 
f 2488 1359 1368 
f 2488 2486 1359 
f 1379 1386 1383 
f 1379 1330 1386 
f 1328 1330 1379 
f 1435 1379 1383 
f 1435 1440 1379 
f 1437 1440 1435 
f 1437 1442 1440 
f 1439 1442 1437 
f 1439 1403 1442 
f 1347 1403 1439 
f 1704 1727 1720 
f 1703 1727 1704 
f 1703 1725 1727 
f 1705 1725 1703 
f 1705 1724 1725 
f 1706 1724 1705 
f 1706 1722 1724 
f 1707 1722 1706 
f 1709 1734 1719 
f 1708 1734 1709 
f 1708 1733 1734 
f 1711 1733 1708 
f 1711 1732 1733 
f 1713 1732 1711 
f 1713 1721 1732 
f 1715 1721 1713 
f 1795 1772 1788 
f 1795 1771 1772 
f 1793 1771 1795 
f 1793 1773 1771 
f 1792 1773 1793 
f 1792 1774 1773 
f 1790 1774 1792 
f 1790 1775 1774 
f 1802 1777 1787 
f 1802 1776 1777 
f 1801 1776 1802 
f 1801 1779 1776 
f 1800 1779 1801 
f 1800 1781 1779 
f 1789 1781 1800 
f 1789 1783 1781 
f 1805 2489 2490 
f 1804 2489 1805 
f 1804 2491 2489 
f 1807 2491 1804 
f 1807 2492 2491 
f 1809 2492 1807 
f 1809 2493 2492 
f 1811 2493 1809 
f 1811 2494 2493 
f 1813 2494 1811 
f 1813 2495 2494 
f 1815 2495 1813 
f 1815 2496 2495 
f 1817 2496 1815 
f 1817 2497 2496 
f 1819 2497 1817 
f 1819 2498 2497 
f 1821 2498 1819 
f 1821 2499 2498 
f 1823 2499 1821 
f 1823 2500 2499 
f 1825 2500 1823 
f 1825 2490 2500 
f 1805 2490 1825 
f 2490 2501 2502 
f 2489 2501 2490 
f 2489 2503 2501 
f 2491 2503 2489 
f 2491 2504 2503 
f 2492 2504 2491 
f 2492 2505 2504 
f 2493 2505 2492 
f 2493 2506 2505 
f 2494 2506 2493 
f 2494 2507 2506 
f 2495 2507 2494 
f 2495 2508 2507 
f 2496 2508 2495 
f 2496 2509 2508 
f 2497 2509 2496 
f 2497 2510 2509 
f 2498 2510 2497 
f 2498 2511 2510 
f 2499 2511 2498 
f 2499 2512 2511 
f 2500 2512 2499 
f 2500 2502 2512 
f 2490 2502 2500 
f 2502 2513 2514 
f 2501 2513 2502 
f 2501 2515 2513 
f 2503 2515 2501 
f 2503 2516 2515 
f 2504 2516 2503 
f 2504 2517 2516 
f 2505 2517 2504 
f 2505 2518 2517 
f 2506 2518 2505 
f 2506 2519 2518 
f 2507 2519 2506 
f 2507 2520 2519 
f 2508 2520 2507 
f 2508 2521 2520 
f 2509 2521 2508 
f 2509 2522 2521 
f 2510 2522 2509 
f 2510 2523 2522 
f 2511 2523 2510 
f 2511 2524 2523 
f 2512 2524 2511 
f 2512 2514 2524 
f 2502 2514 2512 
f 2514 2525 2526 
f 2513 2525 2514 
f 2513 2527 2525 
f 2515 2527 2513 
f 2515 2528 2527 
f 2516 2528 2515 
f 2516 2529 2528 
f 2517 2529 2516 
f 2517 2530 2529 
f 2518 2530 2517 
f 2518 2531 2530 
f 2519 2531 2518 
f 2519 2532 2531 
f 2520 2532 2519 
f 2520 2533 2532 
f 2521 2533 2520 
f 2521 2534 2533 
f 2522 2534 2521 
f 2522 2535 2534 
f 2523 2535 2522 
f 2523 2536 2535 
f 2524 2536 2523 
f 2524 2526 2536 
f 2514 2526 2524 
f 2537 1820 1818 
f 2537 1822 1820 
f 1824 1822 2537 
f 2537 1826 1824 
f 2537 1803 1826 
f 1806 1803 2537 
f 2537 1808 1806 
f 2537 1810 1808 
f 1812 1810 2537 
f 2537 1814 1812 
f 2537 1816 1814 
f 1818 1816 2537 
f 2526 1849 1829 
f 2525 1849 2526 
f 2525 1847 1849 
f 2527 1847 2525 
f 2527 1845 1847 
f 2528 1845 2527 
f 2528 1843 1845 
f 2529 1843 2528 
f 2529 1841 1843 
f 2530 1841 2529 
f 2530 1839 1841 
f 2531 1839 2530 
f 2531 1837 1839 
f 2532 1837 2531 
f 2532 1835 1837 
f 2533 1835 2532 
f 2533 1833 1835 
f 2534 1833 2533 
f 2534 1831 1833 
f 2535 1831 2534 
f 2535 1828 1831 
f 2536 1828 2535 
f 2536 1829 1828 
f 2526 1829 2536 
f 1943 2538 2539 
f 1961 2538 1943 
f 1961 2540 2538 
f 1960 2540 1961 
f 1960 2541 2540 
f 1959 2541 1960 
f 1959 2542 2541 
f 1958 2542 1959 
f 1958 2543 2542 
f 1957 2543 1958 
f 1957 2544 2543 
f 1956 2544 1957 
f 1956 2545 2544 
f 1955 2545 1956 
f 1955 2546 2545 
f 1954 2546 1955 
f 1954 2547 2546 
f 1953 2547 1954 
f 1953 2548 2547 
f 1952 2548 1953 
f 1952 2549 2548 
f 1951 2549 1952 
f 1951 2550 2549 
f 1950 2550 1951 
f 1950 2551 2550 
f 1949 2551 1950 
f 1949 2552 2551 
f 1948 2552 1949 
f 1948 2553 2552 
f 1947 2553 1948 
f 1947 2554 2553 
f 1946 2554 1947 
f 1946 2555 2554 
f 1945 2555 1946 
f 1945 2556 2555 
f 1944 2556 1945 
f 1944 2557 2556 
f 1942 2557 1944 
f 1942 2539 2557 
f 1943 2539 1942 
f 2558 1851 1853 
f 2558 1855 1851 
f 2559 1855 2558 
f 2559 2560 1855 
f 1975 2560 2559 
f 1975 1974 2560 
f 1861 1962 1860 
f 1861 2561 1962 
f 1855 2561 1861 
f 1855 2562 2561 
f 2563 2562 1855 
f 2563 1964 2562 
f 1965 1964 2563 
f 1966 2564 1967 
f 2565 2564 1966 
f 2565 1855 2564 
f 2563 1855 2565 
f 2564 2566 1967 
f 1855 2566 2564 
f 1855 2567 2566 
f 2568 2567 1855 
f 2568 1969 2567 
f 1970 1969 2568 
f 2569 1869 1867 
f 2569 1871 1869 
f 1873 1871 2569 
f 2569 1862 1901 
f 2569 1865 1862 
f 1867 1865 2569 
f 2569 1897 1895 
f 2569 1899 1897 
f 1901 1899 2569 
f 2569 1891 1889 
f 2569 1893 1891 
f 1895 1893 2569 
f 2569 1885 1883 
f 2569 1887 1885 
f 1889 1887 2569 
f 2569 1879 1877 
f 2569 1881 1879 
f 1883 1881 2569 
f 2569 1875 1873 
f 2569 1877 1875 
f 1864 2570 2571 
f 1863 2570 1864 
f 1863 2572 2570 
f 1866 2572 1863 
f 1866 2573 2572 
f 1868 2573 1866 
f 1868 2574 2573 
f 1870 2574 1868 
f 1870 2575 2574 
f 1872 2575 1870 
f 1872 2576 2575 
f 1874 2576 1872 
f 1874 2577 2576 
f 1876 2577 1874 
f 1876 2578 2577 
f 1878 2578 1876 
f 1878 2579 2578 
f 1880 2579 1878 
f 1880 2580 2579 
f 1882 2580 1880 
f 1882 2581 2580 
f 1884 2581 1882 
f 1884 2582 2581 
f 1886 2582 1884 
f 1886 2583 2582 
f 1888 2583 1886 
f 1888 2584 2583 
f 1890 2584 1888 
f 1890 2585 2584 
f 1892 2585 1890 
f 1892 2586 2585 
f 1894 2586 1892 
f 1894 2587 2586 
f 1896 2587 1894 
f 1896 2588 2587 
f 1898 2588 1896 
f 1898 2589 2588 
f 1900 2589 1898 
f 1900 2571 2589 
f 1864 2571 1900 
f 2571 2590 2591 
f 2570 2590 2571 
f 2570 2592 2590 
f 2572 2592 2570 
f 2572 2593 2592 
f 2573 2593 2572 
f 2573 2594 2593 
f 2574 2594 2573 
f 2574 2595 2594 
f 2575 2595 2574 
f 2575 2596 2595 
f 2576 2596 2575 
f 2576 2597 2596 
f 2577 2597 2576 
f 2577 2598 2597 
f 2578 2598 2577 
f 2578 2599 2598 
f 2579 2599 2578 
f 2579 2600 2599 
f 2580 2600 2579 
f 2580 2601 2600 
f 2581 2601 2580 
f 2581 2602 2601 
f 2582 2602 2581 
f 2582 2603 2602 
f 2583 2603 2582 
f 2583 2604 2603 
f 2584 2604 2583 
f 2584 2605 2604 
f 2585 2605 2584 
f 2585 2606 2605 
f 2586 2606 2585 
f 2586 2607 2606 
f 2587 2607 2586 
f 2587 2608 2607 
f 2588 2608 2587 
f 2588 2609 2608 
f 2589 2609 2588 
f 2589 2591 2609 
f 2571 2591 2589 
f 2591 2610 2611 
f 2590 2610 2591 
f 2590 2612 2610 
f 2592 2612 2590 
f 2592 2613 2612 
f 2593 2613 2592 
f 2593 2614 2613 
f 2594 2614 2593 
f 2594 2615 2614 
f 2595 2615 2594 
f 2595 2616 2615 
f 2596 2616 2595 
f 2596 2617 2616 
f 2597 2617 2596 
f 2597 2618 2617 
f 2598 2618 2597 
f 2598 2619 2618 
f 2599 2619 2598 
f 2599 2620 2619 
f 2600 2620 2599 
f 2600 2621 2620 
f 2601 2621 2600 
f 2601 2622 2621 
f 2602 2622 2601 
f 2602 2623 2622 
f 2603 2623 2602 
f 2603 2624 2623 
f 2604 2624 2603 
f 2604 2625 2624 
f 2605 2625 2604 
f 2605 2626 2625 
f 2606 2626 2605 
f 2606 2627 2626 
f 2607 2627 2606 
f 2607 2628 2627 
f 2608 2628 2607 
f 2608 2629 2628 
f 2609 2629 2608 
f 2609 2611 2629 
f 2591 2611 2609 
f 1976 2558 1853 
f 1976 2559 2558 
f 1975 2559 1976 
f 1963 2562 1964 
f 1963 2561 2562 
f 1962 2561 1963 
f 2565 1965 2563 
f 2565 1966 1965 
f 1968 2567 1969 
f 1968 2566 2567 
f 1967 2566 1968 
f 2630 1970 2568 
f 2630 1971 1970 
f 2631 1971 2630 
f 2631 1972 1971 
f 2632 1972 2631 
f 2632 1973 1972 
f 2633 1973 2632 
f 2633 1974 1973 
f 2560 1974 2633 
f 2634 2557 2539 
f 2635 2557 2634 
f 2635 2556 2557 
f 2636 2556 2635 
f 2636 2555 2556 
f 2637 2555 2636 
f 2637 2554 2555 
f 2638 2554 2637 
f 2638 2553 2554 
f 2639 2553 2638 
f 2639 2552 2553 
f 2640 2552 2639 
f 2640 2551 2552 
f 2641 2551 2640 
f 2641 2550 2551 
f 2642 2550 2641 
f 2642 2549 2550 
f 2643 2549 2642 
f 2643 2548 2549 
f 2644 2548 2643 
f 2644 2547 2548 
f 2645 2547 2644 
f 2645 2546 2547 
f 2646 2546 2645 
f 2646 2545 2546 
f 2647 2545 2646 
f 2647 2544 2545 
f 2648 2544 2647 
f 2648 2543 2544 
f 2649 2543 2648 
f 2649 2542 2543 
f 2650 2542 2649 
f 2650 2541 2542 
f 2651 2541 2650 
f 2651 2540 2541 
f 2652 2540 2651 
f 2652 2538 2540 
f 2653 2538 2652 
f 2653 2539 2538 
f 2634 2539 2653 
f 2654 2635 2634 
f 2655 2635 2654 
f 2655 2636 2635 
f 2656 2636 2655 
f 2656 2637 2636 
f 2657 2637 2656 
f 2657 2638 2637 
f 2658 2638 2657 
f 2658 2639 2638 
f 2659 2639 2658 
f 2659 2640 2639 
f 2660 2640 2659 
f 2660 2641 2640 
f 2661 2641 2660 
f 2661 2642 2641 
f 2662 2642 2661 
f 2662 2643 2642 
f 2663 2643 2662 
f 2663 2644 2643 
f 2664 2644 2663 
f 2664 2645 2644 
f 2665 2645 2664 
f 2665 2646 2645 
f 2666 2646 2665 
f 2666 2647 2646 
f 2667 2647 2666 
f 2667 2648 2647 
f 2668 2648 2667 
f 2668 2649 2648 
f 2669 2649 2668 
f 2669 2650 2649 
f 2670 2650 2669 
f 2670 2651 2650 
f 2671 2651 2670 
f 2671 2652 2651 
f 2672 2652 2671 
f 2672 2653 2652 
f 2673 2653 2672 
f 2673 2634 2653 
f 2654 2634 2673 
f 2611 2655 2654 
f 2610 2655 2611 
f 2610 2656 2655 
f 2612 2656 2610 
f 2612 2657 2656 
f 2613 2657 2612 
f 2613 2658 2657 
f 2614 2658 2613 
f 2614 2659 2658 
f 2615 2659 2614 
f 2615 2660 2659 
f 2616 2660 2615 
f 2616 2661 2660 
f 2617 2661 2616 
f 2617 2662 2661 
f 2618 2662 2617 
f 2618 2663 2662 
f 2619 2663 2618 
f 2619 2664 2663 
f 2620 2664 2619 
f 2620 2665 2664 
f 2621 2665 2620 
f 2621 2666 2665 
f 2622 2666 2621 
f 2622 2667 2666 
f 2623 2667 2622 
f 2623 2668 2667 
f 2624 2668 2623 
f 2624 2669 2668 
f 2625 2669 2624 
f 2625 2670 2669 
f 2626 2670 2625 
f 2626 2671 2670 
f 2627 2671 2626 
f 2627 2672 2671 
f 2628 2672 2627 
f 2628 2673 2672 
f 2629 2673 2628 
f 2629 2654 2673 
f 2611 2654 2629 
f 2674 1983 1991 
f 2674 1982 1983 
f 1984 1982 2674 
f 2674 1989 1988 
f 2674 1990 1989 
f 1991 1990 2674 
f 2674 1986 1985 
f 2674 1987 1986 
f 1988 1987 2674 
f 1985 1984 2674 
f 274 1997 272 
f 274 287 1997 
f 2025 2011 2010 
f 2025 2012 2011 
f 2013 2012 2025 
f 2027 2013 2025 
f 2027 2014 2013 
f 2025 2216 2217 
f 2025 2215 2216 
f 2004 2215 2025 
f 2025 2005 2004 
f 2025 2006 2005 
f 2007 2006 2025 
f 2025 2008 2007 
f 2025 2009 2008 
f 2010 2009 2025 
f 2063 861 863 
f 2063 859 861 
f 2065 859 2063 
f 2065 857 859 
f 2067 857 2065 
f 2067 855 857 
f 2069 855 2067 
f 2069 853 855 
f 2071 853 2069 
f 2071 2675 853 
f 642 2675 2071 
f 642 2676 2675 
f 640 2676 642 
f 640 2677 2676 
f 638 2677 640 
f 638 2678 2677 
f 636 2678 638 
f 636 843 2678 
f 634 843 636 
f 634 841 843 
f 625 841 634 
f 625 627 841 
f 845 2678 843 
f 845 2677 2678 
f 847 2677 845 
f 847 2676 2677 
f 849 2676 847 
f 849 2675 2676 
f 851 2675 849 
f 851 853 2675 
f 2679 2118 2120 
f 2679 2680 2118 
f 2681 2680 2679 
f 2681 2682 2680 
f 2683 2682 2681 
f 2683 2684 2682 
f 2685 2684 2683 
f 2685 535 2684 
f 533 535 2685 
f 509 2058 507 
f 511 2058 509 
f 511 2057 2058 
f 2686 2057 511 
f 2686 2056 2057 
f 2687 2056 2686 
f 2687 2055 2056 
f 2688 2055 2687 
f 2688 2054 2055 
f 2689 2054 2688 
f 2689 2053 2054 
f 2690 2053 2689 
f 2690 641 2053 
f 639 641 2690 
f 639 2691 637 
f 2690 2691 639 
f 2690 2692 2691 
f 2689 2692 2690 
f 2689 2693 2692 
f 2694 2693 2689 
f 2694 519 2693 
f 517 519 2694 
f 513 2686 511 
f 515 2686 513 
f 515 2687 2686 
f 2694 2687 515 
f 2694 2688 2687 
f 2689 2688 2694 
f 2682 2114 2116 
f 2682 2695 2114 
f 2684 2695 2682 
f 2684 539 2695 
f 537 539 2684 
f 2394 2286 2287 
f 2394 2696 2286 
f 2395 2696 2394 
f 2395 2291 2696 
f 2292 2291 2395 
f 2697 2120 2122 
f 2697 2679 2120 
f 2105 2679 2697 
f 2105 2681 2679 
f 2103 2681 2105 
f 2103 2698 2681 
f 2101 2698 2103 
f 2101 2699 2698 
f 2099 2699 2101 
f 2099 531 2699 
f 529 531 2099 
f 2698 2683 2681 
f 2698 2685 2683 
f 2699 2685 2698 
f 2699 533 2685 
f 531 533 2699 
f 2684 535 537 
f 2034 2108 2035 
f 2034 2106 2108 
f 2033 2106 2034 
f 2033 2104 2106 
f 2032 2104 2033 
f 2032 2102 2104 
f 2031 2102 2032 
f 2031 2100 2102 
f 2030 2100 2031 
f 2030 2098 2100 
f 2029 2098 2030 
f 2029 527 2098 
f 2028 527 2029 
f 2028 525 527 
f 523 525 2028 
f 615 2693 519 
f 615 2692 2693 
f 617 2692 615 
f 617 2691 2692 
f 619 2691 617 
f 619 637 2691 
f 621 637 619 
f 621 635 637 
f 623 635 621 
f 517 2694 515 
f 2392 2288 2289 
f 2392 2287 2288 
f 2393 2287 2392 
f 2393 2394 2287 
f 2070 646 644 
f 2070 2700 646 
f 2068 2700 2070 
f 2068 2701 2700 
f 2066 2701 2068 
f 2066 2702 2701 
f 2064 2702 2066 
f 2064 2703 2702 
f 2062 2703 2064 
f 2062 2704 2703 
f 2059 2704 2062 
f 2059 2322 2704 
f 2061 2322 2059 
f 656 2317 658 
f 656 2705 2317 
f 654 2705 656 
f 654 2706 2705 
f 652 2706 654 
f 652 2707 2706 
f 650 2707 652 
f 650 2708 2707 
f 648 2708 650 
f 648 2700 2708 
f 646 2700 648 
f 2390 2290 776 
f 2391 2290 2390 
f 2391 2289 2290 
f 2392 2289 2391 
f 2701 2708 2700 
f 2701 2709 2708 
f 2702 2709 2701 
f 2702 2710 2709 
f 2703 2710 2702 
f 2703 2711 2710 
f 2704 2711 2703 
f 2704 2321 2711 
f 2322 2321 2704 
f 2705 2318 2317 
f 2705 2712 2318 
f 2706 2712 2705 
f 2706 2713 2712 
f 2707 2713 2706 
f 2707 2709 2713 
f 2708 2709 2707 
f 2710 2713 2709 
f 2710 2714 2713 
f 2711 2714 2710 
f 2711 2320 2714 
f 2321 2320 2711 
f 2714 2712 2713 
f 2714 2319 2712 
f 2320 2319 2714 
f 2697 2107 2105 
f 2697 2109 2107 
f 2122 2109 2697 
f 2122 2124 2109 
f 2110 2124 595 
f 2110 2109 2124 
f 2680 2116 2118 
f 2680 2682 2116 
f 2112 539 541 
f 2112 2695 539 
f 2114 2695 2112 
f 2201 2407 2408 
f 2203 2407 2201 
f 2203 2406 2407 
f 2205 2406 2203 
f 2205 2404 2406 
f 2207 2404 2205 
f 2207 2402 2404 
f 2209 2402 2207 
f 2209 2400 2402 
f 2211 2400 2209 
f 2211 2398 2400 
f 2213 2398 2211 
f 2213 674 2398 
f 672 674 2213 
f 2025 2222 2223 
f 2025 2221 2222 
f 2220 2221 2025 
f 2025 2223 2023 
f 2026 2018 2016 
f 2026 2020 2018 
f 2024 2020 2026 
f 2024 2022 2020 
f 2025 2219 2220 
f 2025 2218 2219 
f 2217 2218 2025 
f 933 2228 935 
f 2715 2228 933 
f 2715 2227 2228 
f 2716 2227 2715 
f 2716 2226 2227 
f 694 2226 2716 
f 694 2225 2226 
f 696 2225 694 
f 2285 2696 2291 
f 2285 2286 2696 
f 2356 2330 2348 
f 2356 2329 2330 
f 2355 2329 2356 
f 2355 2328 2329 
f 2354 2328 2355 
f 2354 2327 2328 
f 2353 2327 2354 
f 2353 2326 2327 
f 2352 2326 2353 
f 2352 2325 2326 
f 2351 2325 2352 
f 2351 2324 2325 
f 2350 2324 2351 
f 2350 2323 2324 
f 2349 2323 2350 
f 2349 691 2323 
f 693 691 2349 
f 2248 2189 2190 
f 2248 2188 2189 
f 2247 2188 2248 
f 2247 2186 2188 
f 2246 2186 2247 
f 2246 2184 2186 
f 2245 2184 2246 
f 2245 2182 2184 
f 2244 2182 2245 
f 2244 2180 2182 
f 2243 2180 2244 
f 2243 2178 2180 
f 2242 2178 2243 
f 2242 2176 2178 
f 2241 2176 2242 
f 2241 2174 2176 
f 2240 2174 2241 
f 2240 2172 2174 
f 2396 2048 2046 
f 2396 892 2048 
f 894 892 2396 
f 2224 891 893 
f 706 2049 704 
f 706 2277 2049 
f 708 2277 706 
f 708 2279 2277 
f 710 2279 708 
f 710 2281 2279 
f 712 2281 710 
f 712 2283 2281 
f 714 2283 712 
f 714 716 2283 
f 2236 2231 2230 
f 2236 2232 2231 
f 2237 2232 2236 
f 2237 2233 2232 
f 2238 2233 2237 
f 2238 2234 2233 
f 2239 2234 2238 
f 2239 2235 2234 
f 690 929 688 
f 690 2717 929 
f 692 2717 690 
f 692 2716 2717 
f 694 2716 692 
f 930 684 686 
f 930 2718 684 
f 932 2718 930 
f 932 2719 2718 
f 934 2719 932 
f 934 2720 2719 
f 936 2720 934 
f 936 2405 2720 
f 937 2405 936 
f 2717 931 929 
f 2717 2715 931 
f 2716 2715 2717 
f 2718 682 684 
f 2718 2721 682 
f 2719 2721 2718 
f 2719 2722 2721 
f 2720 2722 2719 
f 2720 2403 2722 
f 2405 2403 2720 
f 933 931 2715 
f 2721 680 682 
f 2721 2723 680 
f 2722 2723 2721 
f 2722 2401 2723 
f 2403 2401 2722 
f 2723 678 680 
f 2723 2399 678 
f 2401 2399 2723 
f 676 678 2399 
f 892 890 2048 
f 2046 2045 2396 
f 2302 759 762 
f 2302 757 759 
f 2304 757 2302 
f 2304 736 757 
f 734 736 2304 
f 2318 2712 2319 
f 760 758 761 
f 2369 2300 2301 
f 2369 2299 2300 
f 2370 2299 2369 
f 2370 2298 2299 
f 2371 2298 2370 
f 2371 2296 2298 
f 2372 2296 2371 
f 2372 2294 2296 
f 2373 2294 2372 
f 2373 899 2294 
f 900 899 2373 
f 907 2366 2367 
f 906 2366 907 
f 906 770 2366 
f 768 770 906 
f 2424 1026 1028 
f 2424 1024 1026 
f 1022 1024 2424 
f 1025 2422 2421 
f 1025 2423 2422 
f 1021 2423 1025 
f 1025 2419 2418 
f 1025 2420 2419 
f 2421 2420 1025 
f 2418 1027 1025 
f 2724 2428 2725 
f 2724 2429 2428 
f 2726 2429 2724 
f 2726 2430 2429 
f 2727 2430 2726 
f 2727 2431 2430 
f 2728 2431 2727 
f 2728 2432 2431 
f 2729 2432 2728 
f 2729 2433 2432 
f 2730 2433 2729 
f 2730 2434 2433 
f 2731 2434 2730 
f 2731 2426 2434 
f 2732 2426 2731 
f 2732 2425 2426 
f 2733 2425 2732 
f 2733 2427 2425 
f 2725 2427 2733 
f 2725 2428 2427 
f 2734 2725 2733 
f 2734 2724 2725 
f 2726 2724 2734 
f 2734 2731 2730 
f 2734 2732 2731 
f 2733 2732 2734 
f 2734 2728 2727 
f 2734 2729 2728 
f 2730 2729 2734 
f 2727 2726 2734 
f 2442 2735 2443 
f 2442 2736 2735 
f 2441 2736 2442 
f 2441 2737 2736 
f 2440 2737 2441 
f 2440 2738 2737 
f 2439 2738 2440 
f 2439 2739 2738 
f 2438 2739 2439 
f 2438 2740 2739 
f 2437 2740 2438 
f 2437 2741 2740 
f 2435 2741 2437 
f 2435 2742 2741 
f 2436 2742 2435 
f 2436 2743 2742 
f 2444 2743 2436 
f 2444 2744 2743 
f 2443 2744 2444 
f 2443 2735 2744 
f 2745 2735 2736 
f 2745 2744 2735 
f 2743 2744 2745 
f 2745 2742 2743 
f 2745 2741 2742 
f 2740 2741 2745 
f 2745 2739 2740 
f 2745 2738 2739 
f 2737 2738 2745 
f 2745 2736 2737 
f 1855 2630 2568 
f 1855 2631 2630 
f 2632 2631 1855 
f 1855 2633 2632 
f 1855 2560 2633 
